28.75714286	451.9714286	-0.362464327828896 -0.0558907850727028	-0.227017456771985 -0.589599901728760	0.158145343197003  0.620739269239177	-0.0949436299279900  0.135877433992033	-0.362474204742525 -0.312326825885085
29.8	223.9	-0.224792861695347 -0.215168897386871	-0.214292892959049 -0.386665616588332	-0.226398309997701 -0.351732495455018	0.643568249653021  0.293549424050205	-0.275002857780948  0.701227289786549
33.7	23.1	0.472677092916283 -0.138086476540938	-0.0673988478755874  0.0213191550871913	0.343969383250673 -0.719405637025735	0.334954842721969 -0.101376592058153	0.0348007279972752 -0.852389456881668
35.5	176.8	-0.639599607091071 -0.341690443893540	0.243573437904309  0.273944469678596	-0.0856337392847446  0.280035026225862	0.181961293977618 -0.701031330837290	0.440799134527414  0.408239791812615
26.3	94	-0.620840110500091 -0.0485374228693879	0.0359101091045792  0.121714837283876	0.322162350536095  0.320657736904027	0.375688950453349  0.196049389572763	-0.0596433004376631 -0.501932977992754
28.01176471	306.9	-0.486216624843849 -0.0539492994778088	-0.0352690159421613 -0.114063648233906	0.712815281687660  0.130698467442668	-0.0583880137981029  0.730200054710210	-0.699226875619401 -0.188610007408097
43.75	390.625	-0.114724048615262 -0.271767284319586	0.615590746150265  0.179374601255800	-0.784789942062854  0.305265158928155	-0.0562338024400224 -0.482972503870423	0.660513675774915  0.574147480101068
41.50980392	360.25	0.0379207690581974  0.476670292095538	0.0462498562059416  0.0414315366035134	-0.405245477739990  0.106277046319991	-0.259960107701184  0.157994334775827	0.372020083623713  0.0212986646499831
53.62857143	480.1714286	0.682331518810132  0.199443206061592	0.116824956730584  0.0840172474179794	0.469014595783451  0.406936253509888	0.108610712192380  0.219450615883822	0.339256352410955  0.355950738186070
46.33333333	124.6666667	-0.216935181715999 -0.447545897339828	0.0947290360945547 -0.158502539554924	-0.0439114676236065  0.401276673411155	-0.313163421081945  0.167689838626153	0.557570487357518  0.237723442529324
52.21176471	328.1	0.167106518608939 -0.317467279210569	-0.0780091631201002  0.162249613532863	0.00794543767991278 -0.467784895240468	0.0502345978249737  0.863779527974270	-0.359715846821576 -0.281590067273718
46.05714286	417.7714286	-0.0646390552047849 -0.605746073847886	0.0707779280229398 -0.525769896389991	-0.278540163018907  0.188316676534792	-0.444267496080763 -0.305961007835674	-0.141715588912543 -0.149198557289785
52.4	77.28333333	-0.555364133029226  0.350637033893810	0.0387920936185715  0.0440400616803414	-0.151045985015163 -0.147032863009350	-0.159727200056503 -0.156908708957498	0.472566716890193 -0.147525220653954
54.98571429	290.1714286	-0.308867272349508  0.280537937026614	-0.0809062632000599  0.0544650117377655	-0.299327320481716 -0.102914471642780	-0.387538531194248 -0.412840856750638	0.452104499454682 -0.0766165002009278
62.04761905	438.3928571	-0.322383790093995 -0.421063776178331	-0.244430719891343  0.318304160181148	-0.133036864040293  0.440332007572861	0.634321438594915 -0.115017536562739	0.268920476342565  0.163144174768080
54.16666667	238.9166667	-0.552561929605992 -0.463287558881268	0.0870914126739627 -0.0571878060639858	0.206975848064030  0.402844965523863	-0.0318918128757471  0.0819230914818607	0.182284582324647 -0.496830735237587
59.18333333	192.7166667	-0.101260170342984 -0.323448099237594	0.270296709490394  0.0719881129168752	-0.541215963461194 -0.102615632142324	0.0958914888768589  0.235554999033614	0.593084977981016  0.191585892620594
62.28021978	34.47802198	-0.130011042965505 -0.453341775899661	-0.125534080992458  0.0926887900076388	-0.0896281739012930 -0.172721818864537	0.131771955252392 -0.219218942566483	-0.385881637767159 -0.275785085947063
70.91666667	147.75	0.0852954960487403 -0.450346644257341	0.104172639770483 -0.123550377951502	-0.0798983686467361 -0.203104437228723	-0.0508995564820158 -0.304887641007319	0.0784241359433436  0.454019222908178
68.3	350.6	-0.384747583243824 -0.166917293233083	-0.327986828771319 -0.269796986062014	0.231360940690794  0.252670734040631	-0.101648449452031 -0.217077347973469	-0.0403007537198626  9.40011030931071e-05
77.33333333	249.0833333	-0.378929341989415 -0.692860667395532	-0.0891751635038589 -0.0110429402373611	-0.352404237377556  0.176777173563738	0.0613787199468008  0.343575727900488	-0.125703059472503  0.271544568932071
74.78571429	387.6071429	0.0553061000985655  0.128591245938744	0.147933846675066 -0.00410314490768161	-0.182488011126037  0.135555495228729	-0.371720285679697  0.252598193261770	-0.772523495604699  0.215450909789889
77.78	70.34	-0.236294165175302  0.282229723096905	0.464082455602130 -0.0184524926702460	-0.267841742206745  0.245122566252843	-0.470756994705829 -0.264754492629609	0.181777027194349 -0.531560382783865
87.84285714	105.4571429	0.349156131727873 -0.0905804411438548	0.113711413345247 -0.178657741468284	0.190608138375415 -0.00973307162003909	0.639729285092258 -0.463228455587730	0.187421173478053  0.259942861251880
88.33333333	462.4166667	-0.163909649903729 -0.202811535993044	-0.301630625371588 -0.0974573994191269	0.337849565651125 -0.427828630144443	-0.259266084323286  0.567124448443989	0.0195683261425203 -0.450453377600893
83.9	207.7	-0.196492087599823 -0.0686296604771940	-0.0844656233690902 -0.385606771142313	-0.252261728730143 -0.314759236151929	-0.721747486408450 -0.156906401938156	-0.100542906595906  0.378013480083620
85.07142857	322.7142857	0.194447474637286  0.320824697283735	0.226675001868961  0.0963541941306142	-0.119444188321509  0.397318731252905	0.347796450624403  0.367666314483992	0.107811254597510  0.108002349104237
85.08333333	287.6666667	-0.119314877795203  0.100583270189783	0.406193313215047 -0.314741275699647	-0.358268939020485 -0.0867131058781496	0.186246109325745 -0.233630692493798	0.570399792405969  0.175884684464011
104.1285714	173.0285714	0.0747488950899081 -0.0756536728108477	-0.184690565813501  0.469046655604976	0.286727497075931 -0.0360269881208154	0.00183951596277823  0.0290838473729144	0.0677810015004952  0.0463608399865450
91.29230769	43.36923077	-0.511353952985894  0.0451527712601081	-0.452614379504639  0.160603846813199	0.346436180427502 -0.112935072303870	0.284143760786836  0.244260084767139	0.0388053238005670 -0.0653429532758564
99.9	252.4666667	-0.356238495038836 -0.351445696583307	0.151413090741250  0.411428760590082	0.0358364495617365 -0.207676831340696	0.485357793054009  0.0783056839973300	-0.753868411608724  0.282802303082077
88.75	354.25	-0.458082026537998 -0.137816646562123	-0.247611415472649  0.0642469703030755	-0.436173824848159 -0.262033827014423	0.394932253791963  0.0151622203765000	0.675725712925274  0.636310768798185
94.58	424.74	-0.372313629900467 -0.0841284350425120	0.310575382400130 -0.177090453572839	0.0195028559609057  0.323204796335034	0.386478121955940  0.0531020437333146	0.300328530108699 -0.509355349395677
107.0666667	488.3666667	0.637373596346012  0.0961465584299019	0.173891976558064 -0.181243295879766	0.668719835831579 -0.112580698268040	0.438242705686333  0.118605791410264	0.599017748728879  0.0246642834298497
110.28	311.14	-0.184444835474221  0.379018564138659	0.187960202859870  0.0390543981491047	0.319944867710657 -0.549646846238831	-0.652607389735024 -0.219274832805259	0.310888522509427  0.673425946665193
113.6428571	72.14285714	0.0519984805638796 -0.239100156164268	0.108419557668722 -0.313519983207949	0.211946789245135  0.112883239406707	0.0496865166215550  0.478110509840449	-0.483369088621646  0.155159149070877
112.7	213.1	0.0103041880969874 -0.479476855253490	0.289603706328449  0.156259621457081	-0.343041241076984 -0.120702687707144	0.131605533239989  0.0453466624386714	0.0771943450693063  0.124018936585882
113.75	468.625	0.324874206956902  0.0880332531174798	-0.0212058587653778  0.413401937573193	-0.486833376962092 -0.484805820100028	-0.133530343277669  0.408580646285102	-0.562628478380953 -0.611650837637576
116	129.4166667	0.121823413113015 -0.0819764357931622	0.133919432462412  0.183211555025940	0.526061810051856 -0.211009916586748	-0.201745574683915 -0.489456060351749	-0.393745376519895  0.349500386769231
112.7166667	344.9333333	-0.478655000361559 -0.261525779159736	0.350362726010894 -0.155153902602099	-0.133833788095430  0.500547597596328	-0.363550176866253 -0.563946463587496	0.826145369365545 -0.182336458886103
119.9857143	441.5285714	-0.0838881537261260 -0.0327478372565163	-0.367262313520184  0.487198177252062	-0.137963248715672 -0.202809227585364	-0.150334904640671  0.102188297769252	-0.195185916778313 -0.239016002719484
115.45	395.2166667	-0.466729494511054  0.0925773849622464	-0.0518476838491235 -0.291905968685325	0.279536872379832 -0.165171020983439	0.385244312200950  0.161750800010986	-0.315382170173020 -0.348628608246315
118.9166667	285.65	-0.0432782702483710  0.458268459745692	-0.0666804414167853  0.0987158985391684	0.182452044509330 -0.427095614685988	-0.381361230372962 -0.361346537357566	-0.00990341658283241  0.536966922456443
110.1111111	34.1	-0.647599230538834  0.214773633299444	0.0224630250276877 -0.0961299595124066	-0.0432246697643690 -0.0651789944064566	-0.336100421989070 -0.268256318427465	0.484625587609849 -0.445950606507531
124.375	235.5	0.303237970919903  0.0678777330577614	-0.0276446953274956  0.497038979099115	0.0207774147917245  0.869187156734618	-0.118660727009698  0.419318058537837	-0.416328382784231  0.582093397068271
134.22	260.44	0.354749327220174  0.312266662869673	-0.172852465153037 -0.232607644743411	0.103341948729540  0.555677943878610	0.0681511852978939  0.330446075538856	-0.342221716454330  0.664572119405466
141	93.92857143	0.151255260677350 -0.413366435218990	-0.285113814657359 -0.0169114729690976	-0.0520444770466854 -0.261586557062644	-0.479152566460334  0.567675828140167	-0.331820052612363 -0.246884867450817
138.7	156.3	-0.0844436522436611  0.330823047101288	0.101247899099554 -0.167492753612974	0.0751804246652576  0.118599654598591	-0.198150681276981 -0.628110571696486	-0.265630969806320  0.0825350827357264
129.7111111	38.3	-0.559309866458352  0.0640211996525088	0.421824106720283 -0.363889300510776	0.270745552227025 -0.140698304249704	-0.0873725803983042  0.492303249916781	0.0311080404149794 -0.286703221669018
137.2333333	361.0166667	-0.489057049670396 -0.0196892872031418	-0.0255577191297440 -0.164328199392656	0.463614424678120 -0.398296292780295	-0.0549494544093340  0.229277071328939	-0.283143182455340  0.0606827531492566
139.4857143	319.9571429	0.101295531093212 -0.252022491276944	0.401016694140477 -0.244322094911160	0.211076644017004 -0.299515034003259	0.0344782176760030 -0.246095526431245	0.108481625495674 -0.259773541203000
142.25	404.5833333	-0.295315375101807 -0.300714910560768	0.382529474831847  0.265332468765862	-0.188502005865671  0.0818481822578954	-0.243229825304618 -0.362449698262338	-0.143805881177300 -0.00821881240713692
147.3333333	190.1666667	0.327068985642582  0.175207190381697	0.0259565682147263  0.369703303402849	-0.0139588743771141  0.194373873041613	-0.0974334916411771  0.100667750132945	0.196913726850201 -0.361042311792487
137.9833333	473.2	-0.559444288016487  0.0401147848383368	-0.199773381797485 -0.154179082919790	0.0921648317570616 -0.120596327141099	0.374852195822257  0.151892742072129	-0.194675846306633 -0.0921256692941454
153.8571429	44.42857143	-0.307453987296108 -0.592117362457029	0.00493355166070112 -0.0968125921892929	-0.351334364112413  0.203826044983323	-0.0342271161548498 -0.164785706904180	0.368263064508068  0.142877790865720
151.4	219.2	0.155141579731744  0.0855812220566319	0.218305004741896 -0.472151528962589	0.286997161462056  0.312962313446209	-0.0791992463677084  0.592899557637900	-0.208055588111080 -0.0770843858563319
156.0333333	129.4833333	-0.0212627881095722 -0.0544589104463602	-0.516205572567319 -0.0619530527072680	0.0665626599272951  0.0770427531613040	-0.162562573495784  0.0689155609176802	-0.344143264448899 -0.320026316602689
153	440.1666667	-0.226713351526698 -0.233870552494722	0.0111777101279877 -0.261750590980067	-0.246937065868930  0.201628869826907	-0.181083325559703 -0.320715788755020	-0.530495582274295 -0.151952463141979
155.74	291.08	0.212357093070767  0.0230205337328457	0.178250014325117  0.251618852750909	0.462136791385517  0.249576711621988	0.830105955829185  0.300037742399321	0.218055864295082  0.303925589394871
167.6	340.1287879	0.180818439616631 -0.0411196092459342	-0.204351833989748  0.0793552276349618	0.444516021947459 -0.114586678612533	-0.610059744750191 -0.190136103105541	0.202067840945496  0.462782626700782
163.22	375	-0.177013353069771  0.0494769463513404	0.108730881727134  0.479710986465233	-0.0658086154930671  0.0442939116660778	-0.542917242204145  0.481871519824711	-0.287273558445878  0.107659735050787
163.4166667	472.8333333	0.0594701476280642 -0.287011746569030	0.406250402685171 -0.123206936182270	0.0689283655090167 -0.00795225638930140	0.374280954055648 -0.216551000400229	-0.485939518894870 -0.144828891448328
174.9	249.9	0.151092213314291 -0.0326527962608329	0.0778015040143528  0.186685022499764	0.423167320351582  0.193039203138488	-0.0135247647001198 -0.794752944687011	0.195649693740937  0.106278376752645
170.2	165.8166667	-0.337274901281266  0.105628275876927	-0.344268618066186 -0.0226774760401661	0.0504095458045558 -0.0383695704885316	0.106554725171209  0.321492540570971	-0.460926154367078 -0.285522476320415
175.75	406.25	-0.123305818811780 -0.204728421481708	-0.388728698390655 -0.271403008856476	-0.368773562820313 -0.117962636156709	0.251922522502487  0.334567940655202	-0.274161334125076 -0.00678507378707902
182.6428571	52.07142857	-0.383498437164073 -0.407759604412324	0.131116540438694  0.473549935526531	-0.313526559817009  0.229931842508748	0.285984947866488 -0.396818714156170	0.149320067832172  0.226085124203428
187.1428571	312.4675325	0.452202572041536  0.170089431593580	-0.149768896013310  0.313876899757646	0.555295304566123  0.431836126700493	-0.369967560006556  0.289392282351931	0.160478578145092  0.557781747028416
186.38	282.94	0.0494141845973907  0.481048216338301	-0.169167824738550 -0.357785770042739	-0.111480712338351  0.728059116627159	0.673061709606368 -0.563549493196674	-0.824295516460702  0.215569207691102
184.0285714	94.98571429	-0.124378330021455 -0.192392707005613	0.0105695451203349  0.0955110387805681	-0.200865379262517  0.100928847144910	0.436470232521145  0.163934024482563	-0.0994263395791034 -0.518202423837351
180.9	443.1	-0.432386814932486 -0.0622517871326450	0.129522829524209  0.237285087601369	0.498970767844547 -0.108640210159722	0.291944226004104  0.317208389814836	-0.618096516476050  0.243440264685673
191.0625	211.25	-0.329712074095617  0.344956263003647	-0.422303255186737 -0.0580482328320641	-0.0156177231374569 -0.429061780911792	0.525362377368433 -0.328687800906150	0.477150235315504  0.173578703463447
184.38	132.96	-0.322607184115913 -0.00125673443387583	0.314507043505913  0.311235096609642	-0.0237020304098123  0.389203300496750	0.0341065617530008  0.407399594640597	0.130052567137118 -0.138557426895277
190.2	375.5	-0.361527290759041  0.578046966316013	0.127398587015019  0.415030381366872	-0.168919724773362  0.0104236464424907	-0.455128529770555 -0.232072871319685	-0.601124546917489 -0.212847268292067
199.95	161.5666667	-0.310268002594074 -0.168714102639688	0.0544745489832813 -0.165694261075595	-0.129484851709469  0.522574117408965	0.173657837019691 -0.204721152170668	0.00879479102954386  0.164370498757866
200.75	463.1666667	0.0950246975445630 -0.308568974157062	-0.213443465119414  0.0677175915932052	-0.0161981790098069  0.165723580681880	-0.0523445133259808  0.885892644013826	0.243311418925705  0.545592085349733
207.5714286	422.4285714	-0.322056678303912  0.199193588041501	0.127117984779969  0.259036836966899	0.0910574514406746 -0.0985027595880477	-0.334984739961248  0.0462758126534876	0.552946182949736 -0.151000836647640
213.2	336.5545455	0.678474682418083  0.180543442340713	0.0853091851765063  0.259482855461713	0.370547906123020  0.170863431121650	0.221513673048731  0.0832424935856026	0.0387831312551775  0.0697582772944973
208.05	264.9	-0.263554588069981  0.147923937205579	0.0810330432572118  0.0777676673792105	0.463486393218795  0.334040398153426	-0.537016138183794  0.198435624223025	-0.0596492979388259 -0.493374140149598
211.4166667	123.3333333	-0.159350255406878  0.186204089136344	0.111912963554123 -0.182692139010219	-0.190825318824665  0.197192994176669	-0.354770420417312  0.360781832713261	-0.198696250457890  0.493741960210651
210.75	40.625	0.173783772137717 -0.334554229327358	0.541673845880821 -0.0261658908923697	-0.214533138015354  0.592708399283812	0.243056281633909 -0.528831074189853	0.783128467083077  0.387779701364232
216	61.91666667	0.333349398171018 -0.536838680916178	-0.132841450295281 -0.0515621803040321	-0.275800144979524 -0.0916386933315309	-0.359422265070554  0.0253051912206853	-0.0398962230907332 -0.00547877944072386
222.0666667	293.5333333	0.472086685487687 -0.239976174545929	0.387447093698004 -0.0922002458063994	0.541468395964301 -0.106501032209087	0.0238516814081159 -0.211236269673325	0.445137037456041 -0.436268197156680
221.5	87.3	0.204347645025611 -0.418939740973639	-0.329193745761222 -0.216192406815485	-0.260207281078332 -0.335352972613022	0.188761823877912 -0.0599319257812766	-0.308061916685502  0.310379292527475
224.375	485.75	0.190655779722456  0.0991541869576361	-0.309824093509404 -0.147054758820515	0.915262032101408 -0.112827428094553	-0.135396295432943 -0.178821003063918	0.578822598380483  0.274107209599366
217.9	189.3	-0.386591026302218  0.137596699329551	-0.0107105224134828 -0.168199004718208	0.252389638308164 -0.0116311291944927	-0.518743257988380 -0.324438273204005	-0.272147804325131 -0.0200189596145131
232.4	222.2	0.103454863875179 -0.150390065276230	0.264369428828167 -0.0361663815028394	-0.658051507606151 -0.121640575927255	-0.0435719396567200 -0.783304462468477	-0.157130018780447  0.237314883215101
237.7	316.4	0.505783556819721 -0.306325342001896	-0.282109541499597 -0.135183756441524	0.530241514675220 -0.448815839263128	0.0791413938751085 -0.0750499941700274	0.535256083097126 -0.632987946369728
238.28	251.64	0.437320041212999 -0.235597263605395	-0.121549966319361 -0.169200496276974	-0.0891440664568241  0.428318350691873	-0.177339329853356 -0.735154142778293	0.134737067690264  0.869608688944609
227.7333333	405.4666667	0.0527967002062364 -0.0338353852884203	0.573468807819261 -0.816567885579838	0.00245915228973845 -0.00534867371901665	0.00660132771852665 -0.155826369538989	-0.336484471946386 -0.932917567732354
231.5	156	-0.143301642178047 -0.0235090751944685	-0.137946658900340  0.0192527498687047	-0.0833383288427034  0.266819347194828	-0.0417381291150716  0.209654840881920	-0.807131081327804  0.0443301014881482
239.1428571	459.3571429	-0.136445777847957  0.539098549046441	0.0518707709313699 -0.124739977122934	-0.539333579203744 -0.197627561581983	0.237121913202038  0.250353458382834	0.165440550958063 -0.516794488661166
242.18	272.14	0.629546867963372 -0.0485149364156890	-0.400054025819457 -0.0215199058054280	0.545827023108854 -0.113338961273747	-0.143023439717338  0.0592456192419886	0.726680564028119 -0.151896389393680
244.2833333	418.3166667	0.0217579548401557 -0.426829536313807	0.143170412780549  0.114505085183523	0.310900075273149 -0.334198690264130	0.658671253510492 -0.318832617161176	0.0131369526344488 -0.308230989954937
248.2857143	108.1428571	-0.487019871150135 -0.245100171256150	-0.00246009752495568 -0.0760611241011885	0.190661998619980  0.236991358272508	-0.303429315862405  0.0548054456018108	0.00536486117911215  0.0860006234128243
248.8333333	190	-0.195106321002039  0.0143314884940285	-0.336405927509340  0.275721863707284	-0.437040166616736 -0.0115470340635703	0.561259248218805 -0.286133127836021	-0.239499676603004  0.188414904186299
256.7	60.1	0.0322299818234000 -0.168807997704008	0.0329189232151344  0.155008033852637	-0.0573758214183816  0.0421796506711399	0.0209806697875576  0.322089107950042	-0.299710578367926  0.607301193263333
264.7142857	336.9285714	-0.114846012108450 -0.569781521453014	-0.205979550675531 -0.158348094999248	-0.170435777148329 -0.00148138922289317	-0.325082014779038  0.149668672002164	-0.159009064043518 -0.137761517311441
275.875	150.875	0.183613724189079 -0.109801319333307	0.114566293759655 -0.0961445818274071	-0.430927431200425 -0.130191774416960	-0.126101904638639 -0.145986175772039	-0.198901709259654  0.473351800461796
271.9	432.5	-0.0899853979070334 -0.588190557313215	0.215610168483059  0.189212064624294	-0.00140535414373324  0.422114979309778	-0.199985708668358 -0.0299029563367650	0.555241125273868 -0.431168803485156

