28.75	293	-0.35675743506086	-0.0757937005897855	0.607794896198693	0.510654958597885	-0.322342582864789	0.587123957183854	-0.470315226965801	-0.602635576001733	0.509737122949658	0.215879759885811
39.12	219.04	0.171510998481925	-0.305734209905589	-0.0355771119980477	0.423868669875483	-0.114774209191302	-0.641663553631447	0.391705235068326	0.771858963934621	-0.644020099428719	-0.21802683991994
29.2	256.8	-0.236475542597992	0.20404114026563	0.346273894995561	-0.551812774185124	-0.594296254768779	0.247707225344769	0.536619380399048	0.710093397481222	0.00588954549242711	-0.828105253290821
40.2714285714286	103.057142857143	0.130619561001995	-0.0664118096882099	-0.331386554057635	-0.620155963927905	0.305420955894956	0.594527700405237	-0.151409479028024	-0.687557229344533	-0.0942901045397138	0.592740567052346
34.02	163.56	0.575979035823561	-0.14714890128391	0.319822583049102	0.0244172099362107	0.579757987856623	-0.232218118667178	-0.0851142331410723	-0.0498344067361054	0.741194034348875	-0.333046343252086
32.08	343.4	-0.458535982710033	-0.074599731642703	-0.204515951107751	0.143361353211049	-0.186908131015742	0.464299297191987	0.592212305703535	0.41674331956809	0.534356393987941	-0.528013503996051
47.42	185.44	0.324894967091002	-0.206797777164703	-0.247509810273789	-0.105462037067721	0.232484489579679	0.103026599291735	0.277066189006071	-0.432331018572564	0.422947400672555	0.179639659141433
49.0714285714286	138.785714285714	0.445130707081192	0.101659140845314	0.0537762559373065	0.184971360875388	0.387756339843203	-0.307030914085607	0.127275268214821	0.0472582559615185	0.0584444285720337	-0.301384819635376
56.56	482.72	0.378985395754737	0.399579043246537	-0.41854322876502	0.250829298699091	-0.0722189907412015	-0.0889377709230819	-0.274939982822525	-0.243291647294564	0.431744545814578	-0.674767457802237
50.7	281.8	-0.169042927243924	0.0322244117306133	-0.103016455097557	-0.55078754387046	0.183261466476402	-0.277051293250959	-0.498490103432235	-0.295265754080615	-0.522274541577891	0.355654016692179
48.9166666666667	432.833333333333	-0.659435447199972	0.243674140403652	0.265547458085499	-0.0436559865548507	0.28660327896315	-0.0259536913780204	-0.31899116349622	0.0559267827561411	0.169848554936687	-0.111530200154951
51.8166666666667	382.333333333333	-0.322694811020289	-0.104438066182819	0.0520361203230392	-0.0529435852457345	0.0345051765917624	0.525161616287379	-0.00732636961718855	-0.0915375436642879	-0.181858582808661	0.1793713695715
55.3925925925926	45.1833333333333	-0.306992475500213	0.547567365754292	0.136307602072086	-0.0209577356077578	-0.0588188965859562	-0.029753716765425	-0.473663671847863	0.0253259350376468	-0.175169352664845	-0.441834891234515
61.75	247.333333333333	-0.244525694621806	0.203406234457543	-0.453159855232647	0.294614614753652	-0.179452265963671	0.00560451771352527	0.256191207996333	-0.668323208074421	-0.11836412510822	-0.0102226631662876
75.3	115.4	0.373016190285829	0.206596042374575	0.0414201578826541	0.0775733507599306	0.448326784855877	-0.364992254719342	-0.443023388547596	0.610575860858954	0.698715170992195	-0.285351679916502
68.6166666666667	333.706060606061	-0.281838471800599	0.161109192046723	0.72553082744424	-0.0507675023208977	-0.0377455696392376	-0.274932379690688	-0.433267555475385	0.174937413005474	0.366976426806612	-0.0590955151107747
73.1333333333333	87.5166666666667	0.32178893644059	0.494423098616192	-0.13243816514765	0.212959516588518	-0.0245850187475118	0.391426042144192	0.177404558134972	-0.100640662249737	0.213679004936552	0.167851074702162
72.65	415.866666666667	-0.614754541967758	0.1260479880277	-0.174365529723764	-0.294044918285396	0.510747601100086	0.168857569061658	0.215888320145314	0.256005815465792	-0.479389938798529	0.0359540960595824
78.6650793650794	206.163492063492	-0.0718128950905916	0.0146217130865813	0.0695534083045242	0.219408517586726	-0.111554177280689	0.048523759823916	-0.430802694423851	-0.529675334189573	-0.133999410226229	-0.471719569124173
81.7142857142857	164.642857142857	0.511264929424539	-0.137384636264929	0.35349407519394	-0.405375609714705	0.595646812828544	-0.391300240570484	0.204233105262019	-0.640801354267334	0.313221202931309	-0.58429572641416
80.3	287.427272727273	-0.432189145241032	0.236135521572152	-0.540461091209807	0.0334383531712719	-0.105091750124442	-0.930524399847036	0.749022992682986	-0.447148350410298	0.702432153814371	0.542513632354766
81.25	457.833333333333	-0.0270966920714728	-0.0668268389314071	0.176644750284182	-0.130656302111071	0.426574675592466	-0.239889026669576	-0.0205582586584223	0.776957859595701	-0.681174585572946	-0.154306377423927
81.9	372.5	-0.200569109093192	-0.313010001255388	-0.015901268520432	-0.107826735695688	0.189486927286793	0.520443936386306	0.61798343806213	-0.239832858147796	0.260404382565826	-0.507243948158996
99.6	256.7	-0.194533421812508	0.297250569435228	-0.0888531453472292	-0.118813536476162	-0.551268816910313	-0.0746010896777439	0.423504993924068	0.116408192241731	-0.112039768075468	-0.780990861343353
102.979365079365	63.5857142857143	0.058778467076546	0.189298360898366	-0.135938899480153	-0.34452637096883	0.23998668502976	-0.0887715968348738	0.347882007003928	-0.130130440934268	0.066005288243881	-0.0273715306077975
98.6	138.9	0.503928705057995	0.131841219089085	0.153130143524017	0.21727973674984	0.530817820354233	-0.179243343546576	0.56563813450168	-0.0614353812514686	0.587969169955164	-0.176812443143251
93.85	429.925	-0.0605441411138406	-0.565053930754104	-0.453092325535052	-0.49174128332251	-0.819608608368587	-0.169482807803283	-0.510475912792474	0.582565148012556	-0.147338480054023	0.964781541301107
108.133333333333	475.766666666667	0.355142259240267	-0.634526102803609	0.452626810848571	0.34889549781707	-0.493943753196061	-0.2036899937963	0.56207295777494	-0.513253439477862	0.0601365589127148	0.690463672953741
99.88	393.44	-0.291222448074262	-0.344266484807956	0.137946105105179	0.205309295871677	-0.27983296469762	0.631228855724392	-0.386066978388933	-0.652860548540163	0.627740439477539	-0.0826223041993342
112.311111111111	183.988888888889	0.28566819177105	-0.0369365007003513	-0.128282271451425	-0.00435936990776328	0.758297827199797	-0.0922540993363898	-0.265455194902599	-0.557727938535904	0.584473225995264	-0.135747096131954
116.5	27.125	-0.0754734641664847	-0.396368288040935	0.190965833776342	0.467462586253114	0.241605443578073	-0.496855333697308	0.498475085876591	-0.32373284319855	-0.807439542672557	-0.0356469874447083
109.4	305.627272727273	-0.599949912588869	0.251003763542276	0.299185898360648	0.214203180185269	-0.134866417593192	-0.28876097582183	-0.25965516013589	0.179203461953071	0.709459656790554	0.0284552127177859
111.642857142857	351.733766233766	-0.288427229128356	0.232878026393865	0.0145631350957841	0.0286205288965864	0.0907194698969071	-0.0627992864628102	-0.0568965220179898	0.0804508664142769	0.232149977572883	-0.148675845582371
114.5	108.333333333333	0.0858426577958266	-0.0541754871041603	-0.317153881953699	-0.169386957098189	-0.13734132882876	-0.812556943479429	0.204196361337941	-0.665119082951238	0.243203307082417	-0.197523617273812
114	438.6	-0.481026298162332	-0.508052538078458	-0.216491226594871	0.099920534273469	-0.0741186460576204	0.242526817974083	-0.0502359579517192	-0.10855615476616	-0.0586968977860965	0.205962878468782
123.959259259259	218.390740740741	0.140855245710824	0.189932012577502	0.463452665434543	0.11829057908796	0.0125517965324052	0.0804647748334329	0.208963593139272	0.502563872903595	-0.15378952193205	-0.432371910709929
136.5	157.071428571429	0.217302565811396	-0.0370293235588137	-0.351216568202272	-0.142358732472881	0.3480053750615	-0.360126626444037	-0.432352027585147	0.109926091586945	0.174032624625557	-0.142009942158998
130.3	291.1	-0.0742485161784414	0.189622822132874	0.307751901114503	-0.1416120445119	-0.163224535861896	0.777393637484923	-0.619576479915911	0.433229058003312	-0.321563414137498	-0.365643070739967
134.571428571429	397	-0.206385792556206	0.244266011713584	0.266629207599465	-0.0176621457378929	-0.151859836092925	-0.449056159026669	-0.08308442553324	0.0134308856888833	-0.320781729468692	-0.0226927254911099
139.2	252.233333333333	-0.217967313679659	-0.346088820317625	0.0773671476820142	-0.0148148321924598	-0.44925217685043	0.351889352687506	0.474020917267908	-0.394220965763449	0.205779725018834	0.603753435691116
149.057692307692	40.4935897435897	0.214995768879844	-0.191420452050196	-0.232625475997612	-0.163813372306611	-0.0218804104514183	-0.38758663678907	-0.537318677555589	-0.0742478463370482	0.554956388985075	-0.177393047123734
137.2	330	-0.058956848477619	0.139116691020785	-0.554357059075286	0.116392891379799	-0.717134758941738	0.43383694441341	-0.364931559007901	-0.00893681467140148	0.266881810896128	-0.459140360970331
147.916666666667	76.8333333333333	0.228991948372171	-0.349096665195355	0.00777317839260314	0.177454638217943	-0.150933771355257	-0.638804584605104	0.247140180862697	0.778076685724899	-0.604606684572946	-0.531225044313553
136.1	441.9	-0.659636412877891	-0.202579640475304	0.082965123938465	0.422536486826934	0.466466690043858	0.281162909754752	0.132676088146747	-0.333703487467326	-0.559490896001212	-0.167211107171857
150.333333333333	193.75	0.0975870278617848	0.0857087703493984	-0.0590595178715325	0.149447186008408	0.495231853062237	-0.1017132683517	-0.414934963778959	0.290444941672913	-0.0514124647997177	-0.628769626778895
152.666666666667	365.75	0.211577545728502	0.276347326371855	-0.263457023152253	-0.284458494390072	-0.290269497817291	0.163474033453737	0.118367662582907	0.147993691485566	-0.501817518431878	-0.469958951906209
151.7	113.3	-0.487785574843032	-0.414076927135546	0.154321112533514	0.161417718225385	0.0853719103906109	0.371245057452576	0.501509449755234	-0.27334901985483	0.0467368732930276	-0.106490847507601
152.25	469.833333333333	0.0434648317518061	-0.0564202000789332	-0.338560047885453	-0.0985105144570039	0.10759732082466	-0.0794689176842933	-0.485768897276112	0.375740499117187	-0.525178773349996	0.500206445493369
164	432.333333333333	0.00031439479002926	0.313406692117674	0.465241020619221	-0.250328074360616	-0.349317886545498	-0.0464269889403162	0.185624318058271	0.204356467477182	0.00149055910291624	0.025104916516153
162.416666666667	279.75	-0.221331564833771	-0.12378535797699	0.307924000961333	-0.383912751647468	0.317707460832791	-0.100043483002856	-0.723447691360321	-0.0346446094236177	0.095637359059172	0.159146414658607
168.333333333333	224.5	0.601492302033524	0.0624244653460143	0.251172004138463	0.275154264942173	0.520270658429394	0.184693129656541	0.393493018298657	0.0314989390338541	0.377324440958574	-0.0204783428663681
178.285714285714	164.928571428571	0.108598309957313	-0.166530185556233	-0.0107509330167179	-0.346081313013128	0.200837009416104	-0.282403724552283	-0.0985900900846626	0.0794099162329233	-0.133116542801474	-0.584797402106744
172	400.166666666667	-0.131240117461035	0.364242150440479	-0.470884386837318	0.319961405931368	-0.371054786943039	-0.316179993402747	0.188777006228424	-0.237371076214164	0.0804414488787421	-0.397671426569808
170.8	133.2	-0.118122783952831	-0.52033783514601	-0.0509904594906809	0.0963892445470834	-0.229717790157989	-0.318024968218256	-0.367760681421349	-0.351043451268524	-0.657589953410146	0.198195462656747
169.875	248.5	0.155607295304618	-0.0174974424101316	-0.18711989316977	-0.535128260938721	-0.514470239899986	-0.654379448605246	-0.114423610505857	-0.237870575159914	-0.526410245041969	-0.012122348089546
172.833333333333	330.75	-0.334530570571666	0.240881701413895	0.724567651957323	-0.0254175120896491	-0.0407013235227251	-0.307087125930545	-0.525672776604352	0.257405930604301	0.444019678090685	-0.077885239290918
183.428571428571	95.7142857142857	-0.0268233706348761	0.597593206995445	0.153966364977534	-0.0872708565841203	-0.585318562179563	0.0138560835147447	0.2757118149855	0.195798055105361	0.0954160608857696	-0.378728507013873
179.916666666667	55.25	-0.215179642918371	-0.0789841052141755	0.15264336768792	0.286541922862058	0.383502880792117	-0.217537432254417	0.529148385710932	-0.129463347387639	0.328244419545722	0.240632419790355
187.44	299.58	-0.285500890876696	0.379298207337915	-0.483328346600572	0.176709709436792	0.257954415919314	-0.55177492138857	-0.0254432988664704	-0.157081710600871	0.473703890634872	0.487577000091932
190.166666666667	370.666666666667	0.238625204582651	0.180593874210896	0.28370341524833	0.424444855221519	0.105294695307668	0.504398896274998	0.31355238004711	0.065751651458172	-0.559705277939889	0.159214792952175
192.8	206.114285714286	0.0868381213279024	0.557832606423242	-0.121639185555039	-0.0880774648602338	-0.257518269454952	-0.0951574358720393	-0.0155303561153544	0.023743786384762	-0.0524701710200583	-0.277438015986614
188.916666666667	468.416666666667	-0.322145019712052	0.247369911350221	-0.303127222421509	0.0827096647668052	0.0441214868601701	-0.333050183342208	0.362313509272056	-0.129851652930425	-0.312978634401348	0.426101425760498
205.25	130.583333333333	0.221925887934351	-0.288883190152584	0.485623837073097	0.229119044188949	-0.00254178393294902	-0.431067263980764	0.493539075775042	0.0471449171869482	-0.532963505315412	-0.125856587109856
202.6	254.275	-0.0604572220712219	-0.0683314471255989	0.434631743149778	0.555748008359432	0.254552596510932	0.202610318997662	0.139800635300111	-0.0623954754388205	-0.103035419120783	0.125985180045115
199.5	400.25	-0.0622105394918015	0.125672800100138	-0.177875536620855	-0.355949318476172	-0.835779199166581	0.381233101507135	0.174485339493464	-0.000657671646972756	-0.109114177266214	-0.201039448114175
203.214285714286	432.071428571429	0.0896018224099474	0.136301077310047	-0.0630893162977065	-0.177631094724654	-0.331201033049299	0.0193738126199647	-0.146624453597515	-0.083876290080266	-0.250342447873645	-0.570639552432027
220.016666666667	30.0166666666667	0.0368090652801149	-0.405482682988746	-0.1317567903257	-0.213285328481222	0.407084621906159	-0.0334041549555995	-0.621823155847148	-0.272034205100387	0.290436933471889	-0.110262211387807
212.1	179.9	0.305735821677617	-0.11906969245032	0.197667087172731	0.10755941949034	0.452572346396077	-0.479679065330372	-0.441056681071045	0.434479591147315	0.265917208195485	-0.51542842691154
211.916666666667	73	-0.166098749677577	-0.262445527484015	-0.0902280133191524	0.101374245332808	-0.0290477801785171	0.165049499268002	-0.629073614632548	0.166807321544491	0.251192492771352	-0.739928349725303
213.6	350.6	0.00540073449989208	0.523475192626197	0.218650056029226	-0.284894807718884	-0.110731235431495	-0.193884488473636	-0.182538967566375	0.510973930330348	0.279823732139018	-0.0149731136554069
219.94	292.18	0.181120478869099	-0.235269831513969	-0.0358065465980928	-0.227037471888503	-0.243482159424479	0.463954961216475	0.305967924866042	-0.628750612552967	0.19853126108336	0.504276189185248
221.4	323.1	0.331507474609152	0.162273194111606	-0.254375187156661	-0.107232816294521	0.473890768318238	-0.0902705810560969	0.510086563702123	0.0526951640401189	0.639471671945507	0.109404194155099
219.7	157	0.115198096806661	0.269924055265807	-0.697805890623267	0.31763164694417	-0.00593423341089374	0.573636850541853	0.133355082184522	-0.294720634557284	0.106633876971671	-0.40858753678992
226.5	104.785714285714	0.275395325965993	-0.0673930484743393	-0.515703099324151	-0.118154747150491	0.341933121924192	-0.223271721681615	-0.22041397419532	-0.0673088343344324	-0.045025019925267	-0.000925898542096891
240.183333333333	229.05	0.317343218839889	0.0703173309132299	-0.395845858815457	-0.675959894413696	0.141366961510716	0.158714633566402	-0.276858791158325	-0.559938464840843	-0.142419635972661	0.401018562506107
234.44	201.68	0.624229324516155	-0.0265893995244798	0.183422385649906	0.375682532445183	0.372431534025402	0.0605199508203869	0.209832943906298	0.130057825169909	-0.00731421971069889	0.383382549121124
233.1	411.1	0.252789063003805	0.332881924292255	0.709873816596417	0.217996436690254	-0.239977722058511	-0.189691872511282	-0.156992863278251	0.868609202641495	0.597375054336826	-0.037504968826693
233.1	380.4	0.00364557350627422	0.422733028895967	-0.752959768129877	0.120070565731242	-0.492623559902815	-0.556510950760887	0.0617488252680048	-0.934064394278603	0.814161730304791	-0.432283778574526
237.6	46.6	-0.194354405924654	-0.48727058065901	-0.177665190179974	0.402315450421219	0.174646796516935	0.00285039235402845	0.395776254699401	-0.497749575639212	-0.533163579790262	-0.553919180666425
246.5	442.214285714286	0.108346376209793	-0.0480723160954419	-0.400467304213653	0.0296215258315676	-0.551255154631806	0.13027964223515	0.170554125212027	0.277848480320581	-0.0529000024850765	-0.10641637526973
238.5	74.4	-0.366728427739545	-0.136315510852303	0.218978111855887	-0.329591576899039	-0.0372251765328693	-0.0323754385468607	0.395446517818695	0.283615917506977	0.0200893040094881	-0.0156589562967069
245.130952380952	138.559523809524	-0.0630950765386322	0.181203611097049	0.280402071126339	-0.284053312478262	-0.0739046512055996	-0.0284772151396354	-0.553535836887428	-0.384729565833261	-0.0359358638411855	-0.848330451516677
252.916666666667	306.916666666667	0.00482641011615552	0.0524791659963317	-0.125256515024031	-0.237827535880069	0.241300796206151	-0.310059697309349	-0.267745026790267	0.0526547124390981	0.83073840101534	0.120404390103495
249.571428571429	348.428571428571	-0.303412921628468	-0.252428540083378	-0.205073758407179	-0.100471873113196	0.217584330895253	-0.108456830250664	0.109478273412041	-0.0170652318085393	-0.260755209797013	0.225056924145066
251.366666666667	176.733333333333	0.379955476109533	0.0383716977200696	-0.137062725822412	-0.162474039371819	0.32147811775334	-0.138106028552523	0.642260856179058	0.0550292599704632	0.729577259781221	0.238558296524198
251.416666666667	271	-0.0408498521520095	0.12973074455935	-0.0652675191641294	0.0229143360822432	0.0817507761367695	-0.202432965763081	0.334443176522825	-0.508184951694028	0.730482283375289	-0.394702778365339
268.630952380952	111.559523809524	0.40008803831384	0.102852522717997	-0.326869392780896	-0.0381524398521166	0.259267781433027	-0.0624880907366082	0.0286972559793492	0.00766001135572225	0.0068350450258335	-0.564263362275437
257.128571428571	85.1571428571429	0.19910173458534	-0.402510633975818	0.197864432232433	0.359707692341121	-0.458896854277649	-0.110615128858921	-0.0993325747075744	0.317509933045427	-0.36837486462486	0.749654186700677
258.5	22.3	0.171244313352997	0.104044393340999	-0.325660355953453	0.242452351823229	-0.293821024611429	0.812136782905237	-0.401472914859702	0.565732294205796	-0.308979611068244	0.0964664440969586
265.423809523809	52.1642857142857	0.0360243622971123	-0.405578876792593	-0.114723785334239	-0.251310147312092	-0.467479763416014	-0.421698896907347	-0.228819499494174	0.0665536823610501	-0.0293015538790154	0.189937705246708
262.775	400.8	-0.665118787398955	0.210148993419505	0.379266298033865	0.119993012443704	0.353018038863133	-0.535449202292925	-0.55969535607847	0.149887245972816	0.0801411316535215	0.633439852983286
284.916666666667	246.416666666667	0.104523527805588	-0.0918722126149087	0.226275559408587	-0.251727691773685	0.0306846008132926	-0.612691619452805	-0.401175698485119	0.196010066731205	0.5414046013281	-0.266453179517866
274.98	360.36	-0.318155303030303	-0.12964393939394	0.0258952223735477	0.180927241422228	0.306578599927101	-0.0727622486987207	-0.272098869921443	0.58036853427224	-0.377785699889506	0.0606581701566732
278.24	476.12	-0.219472063289231	0.40803175947795	0.146350484041087	-0.250139167586748	-0.254504040563097	0.170949637885499	-0.492505333784358	0.197445944136404	-0.363936487571883	-0.556016027378358
282.1	203.485714285714	0.00058173549248829	0.262058593016966	-0.221445941435613	0.605722946132908	-0.121457819954435	-0.027040382441353	-0.14362903404259	-0.559270002799774	0.221287131778687	-0.443861960021604
279.783333333333	324.566666666667	-0.152213955442016	-0.0523733616110009	-0.0360908271754966	0.208409227523435	0.134854325323876	0.00187934702813659	0.0473310777692687	0.395812666691808	0.580416135890388	0.447177574881274
284.5	442.25	0.141231216100062	0.4623729215448	0.275343256937638	0.0764075489457693	-0.397471341472215	0.342292068999465	0.0476890625959001	0.689625806791969	-0.517007005873188	0.273344560071634
283.416666666667	287.666666666667	-0.0297965951438937	-0.119317715430204	0.171700357480438	0.127782464113579	0.146977066750595	-0.176727251612322	0.296064479948091	0.148972794508561	0.821065787437418	-0.0495400140179871
281.797619047619	153.22619047619	-0.538463021988475	-0.0349933932932151	0.107863720245507	0.0404650660715354	0.689795068497221	-0.128019028167981	0.0926706437626644	0.109141727025993	-0.344368987971497	-0.131072377069381
291.8	412.5	0.300310859705448	-0.314936554043724	-0.393243183133977	0.0734386723246565	-0.109866990782721	-0.774544118644795	0.276156346732533	0.502694183360589	-0.456739418956037	-0.497077412528761
293.091836734694	74.7551020408163	-0.469602310590719	0.122855222536209	-0.0250192171145205	0.363564172958348	0.523641788835367	-0.12750802367388	-0.0430142623905631	-0.379541989096388	-0.50317428244297	0.133773928694239
290.74	385.18	-0.137194950911641	-0.255746343418152	-0.0970159674987428	-0.0287881593560748	-0.344082957157863	0.271201304890658	-0.634644849456262	-0.42502198995929	0.341881969428861	0.173934636856413
309	179.25	-0.486026341150016	0.258972636743276	-0.255316470244073	-0.0160668983767163	0.673627308071366	-0.331727287626935	0.105263425186916	-0.054451353807438	-0.174949373875716	0.481623070692458
310.785714285714	124.5	-0.14471188913202	-0.0608606856309264	0.162340295757697	-0.193506962827992	0.324303791700929	0.0691053605628048	-0.296865438539984	0.107046689937099	-0.307056369880641	-0.0755554860846698
311.94	476.22	0.0126457206459547	-0.00518833844291324	0.0603410259748992	-0.00909307637108096	-0.26066090964824	0.485373169241219	0.587124909405869	-0.653363856010942	0.00272809146744731	0.0242941174393039
311.7	266.483333333333	-0.450821392874264	-0.279778037492989	-0.138006076937739	0.120330016528481	0.564709440402088	0.258501508671823	-0.191885484439234	-0.0561529788231631	-0.380490194298754	-0.107248859480708
318.16	54.32	-0.109122554834911	0.419563052570508	0.301704926478524	-0.301971100342227	-0.141751553094756	0.262798597129203	-0.0507660476667399	-0.110028612951074	-0.467637470419409	-0.409352897863999
325.216666666667	433.016666666667	-0.0100762444509055	0.352021975065418	0.193207739473751	0.0874140117419556	-0.1211412722486	0.00637419519634344	-0.563178717271208	0.239961368048429	0.635568059663563	-0.125698265631455
319.166666666667	392	-0.221252646253937	0.245056023132132	0.125439492002834	0.298948640267591	0.141210260235397	-0.454987203400037	0.307874617113114	-0.291204649303568	0.510591600599285	0.155826268163291
323.171428571429	229.7	-0.0869997679423769	0.23696541431386	0.329476842865237	0.230982099558748	0.200977476960493	-0.500317894402241	-0.151992436232132	-0.268121610337225	0.254500463716839	-0.16579112203082
336.083333333333	90.3333333333333	0.375353801734623	0.240119127459561	0.270225189990216	0.173829498919835	0.411439962887149	0.269644209781923	0.28440320416528	0.380526233950677	-0.123569287594512	0.141440349638661
334.5	298.1	-0.318061892789521	0.527671726107335	-0.048934856033031	-0.259716749673465	0.141555307219679	-0.419829027935776	-0.0477967467614576	-0.119994377242443	-0.0831250635011846	0.662635857176431
334.325	32.4	-0.17928733869435	-0.137619525110923	-0.543497848684373	0.361911775307406	0.680670096894244	0.414421387072138	0.397698380806625	0.026764827799392	0.0071683863466819	-0.762733256063549
339.75	157.333333333333	0.0279165771605228	-0.223594130887559	0.215393599172136	-0.161128476507095	0.0859286278946485	0.200895126341565	-0.536321981927314	-0.258902901661295	-0.0731049672673704	0.583012072792355
342.583333333333	205	-0.0577715929506816	0.639921905019056	0.143784726778119	0.230556983634915	-0.120532926856845	-0.282413522893024	-0.337726291396596	0.361225317221965	0.381384563203831	0.0485566432719112
352.333333333333	369.916666666667	-0.182500614444718	0.27249043221797	0.142161828385395	0.229276686755389	0.341361957660673	-0.469589098955216	-0.863540144536901	-0.20449173895978	0.190489124502245	0.855472530480216
346.36	467.02	0.514187582562748	0.306211296194864	0.0347054661699965	-0.102791736442675	0.325281083946853	0.242923806792708	0.452409875898338	-0.529163667534329	0.258151396867498	0.208499023144524
344.2	491.2	0.3829386703656	0.228425641533736	0.224368348020203	-0.295527540104747	0.24768977559304	0.0285584205076558	-0.105449788360328	0.32174843641692	0.267664063196211	-0.224348494927188
343.033333333333	267.316666666667	-0.13613919198525	0.533785436170242	-0.0291467637835225	-0.0943505301695454	-0.226152855457826	-0.377617045200511	0.229353705811928	0.149522735274094	0.07024993552514	-0.334346052414464
352.4	413.7	-0.139996133771506	0.0201817127392229	0.0219501531791836	0.147773166730037	0.0245880674920027	0.317350865082987	-0.628327179057628	0.637854420807794	-0.0620618460567344	-0.151715613120188
356.528571428571	63.5142857142857	-0.184191022015438	0.351611810959437	-0.314122387675559	0.0572795655528024	0.167007815507487	-0.245454864562686	0.257688297441889	-0.0415477959442493	0.0421131772442414	0.213195423178095
354.8	120.2	0.175671455340412	0.108486883198001	-0.153052520847408	0.158853406169119	0.0953195487421491	0.228555287631809	0.79289913471895	-0.0057557063762377	-0.0303107320839933	0.0800410374589113
366.1	187.1	-0.188241914306386	0.312280607733326	-0.586429009522096	-0.0851043508334919	0.172012668391955	0.225650940147632	-0.233952429719567	-0.589855796191756	0.0223224772876675	0.166896230281647
356.157142857143	23.7285714285714	-0.0971534850430859	0.615162602080625	0.606194765068897	0.115286157960537	-0.218415016608126	-0.00960120580993522	-0.0145257593977702	0.760920668449075	0.312481533589277	0.28186991424332
359.583333333333	245.75	-0.191364115825649	0.394331212358365	-0.0327042760110534	0.278287945257356	0.279550323378487	-0.126527429933626	-0.281240049081511	0.140206036982864	0.0887529178193138	-0.072091727527537
373.8	331.016666666667	0.426939204675373	0.236922982746421	-0.165171662101018	-0.364448950896141	0.394654447984118	0.493428471228636	-0.169876357502951	-0.34016456716885	0.0533571568729266	0.312933810666509
368.966666666667	446.016666666667	0.0869933006753721	0.0698383512535051	-0.663361426312267	-0.058225715816709	-0.0404722467310848	-0.190616857654515	-0.017065256361046	-0.1474992292832	-0.0314182353362411	-0.146576489133985
364.9	301.7	0.204843180160466	0.189020179917335	0.389237064744913	0.413992439156119	-0.461545602660901	0.120930803806057	0.076419509317087	-0.233865870567449	-0.390512132426622	0.221060029015041
375.64	279.68	0.0855003767714339	0.521649367591175	0.251241120760124	0.28221333783833	0.131333749569497	0.204430737427926	0.198097189223179	0.656715759786858	-0.149560169150535	0.682590174375857
386.028571428571	105.657142857143	0.325627020201273	0.342059518493437	0.268325178821773	-0.275822921151216	0.150453977539249	0.208135077364932	0.205953293572395	0.055060246840666	-0.110709746132182	0.386501478030695
380.166666666667	227.916666666667	-0.311734784814292	0.278925648162112	-0.500193290326413	-0.138931651666476	-0.296539861334455	-0.0853627571292873	-0.0782761898929762	-0.444937892949589	0.496690825659181	-0.542984693340444
382.214285714286	480.785714285714	0.0394548961647335	-0.215636664245096	0.021658232804454	0.337577940643646	-0.019995179369231	-0.273009906444951	0.363523303897528	0.14221063604846	-0.21578614119128	0.597144936477975
387.25	48.5	-0.018458306237807	0.213696163273473	-0.0777009901910694	-0.108278260840815	-0.153479127702866	0.345978325336038	-0.155489233648055	-0.689051532648046	0.320927607045097	0.154054648386288
384.5	149.142857142857	-0.0441482338897832	0.101788717874519	0.160961908147426	0.410949262883668	-0.108535724173075	0.330875700383182	-0.172960114551855	0.0301650601986419	-0.227093128551887	0.308229385242969
387.1	410.3	-0.0685232510926937	0.254675296758939	0.256555518966209	-0.181007219141227	-0.359284526613498	-0.278316531477613	-0.422952409276951	-0.145967947826682	-0.284088285908627	-0.11646095790398
400.571428571429	271.5	0.0935147953397257	0.664226552565557	-0.23597926586045	-0.306574337990025	-0.406884503343357	0.318658966912251	0.236006825449846	-0.443285550997062	-0.375747638404718	-0.0719474498737258
399.95	374.15	0.0530637347460642	0.404948155501127	-0.158261093065085	0.0759264280972373	-0.105870381894365	-0.117658261139707	0.301894989774523	-0.456608149047828	-0.463668202717545	-0.227516019224951
397.64	80.52	0.490301235737692	0.357736981325753	-0.136576129753942	0.246784009345121	0.0873891995889196	0.206631324579167	0.125652760726147	0.297637789889365	0.0119457798355517	-0.187311460346389
396.3	191.6	-0.197291695453917	0.103136658836534	0.41565685096798	0.130427174326435	-0.0272729361704535	0.592131323645922	0.307202158080247	0.488441885969237	0.0447403852340436	-0.26681911292417
400.75	307.833333333333	-0.0894751190497267	0.0180651100214203	-0.461790109767785	0.0216613185576107	-0.129736634608941	0.117250967828056	-0.117855338529198	0.00944791339491332	-0.484290792114724	-0.138841440586524
400.201818181818	447.805454545455	-0.0343232566827791	-0.24413571977878	0.433197032791034	-0.0393222595479717	0.0905729636957428	0.0724974287747234	0.639053809077437	0.146152006450742	0.327940856811504	-0.181354258978337
418.416666666667	135.25	-0.136688020712318	0.0066717562319515	-0.106234642807383	-0.0882544903527167	0.170075005028122	0.59817384276734	-0.308597150990812	-0.608790259306719	0.188277298003146	0.308427625255093
426.95	43.65	0.695530300722099	0.37672018930969	0.123003311917533	-0.150148735658281	0.287576489745129	0.339965962858746	0.346015394892226	-0.181928417834264	0.102784342242993	0.21404577410985
418.25	344.333333333333	-0.240759365798973	0.332214899042785	-0.344576729463715	-0.266986095148252	0.0058130705249283	-0.527782162054548	0.223411143465247	-0.17235689882928	0.128481572831422	0.0773248842314483
424.401515151515	480.621212121212	-0.00737092815985484	0.283546440472283	-0.14374257192976	0.142345751117851	0.530901790374962	0.0878163062336114	0.336938885619967	-0.626910748051479	-0.519758660492462	0.0819695254226853
421.64	68.58	0.244050313141413	0.341801308703051	0.154989089260905	-0.431855715918183	-0.267605972816204	-0.219794169611354	-0.01862416124454	0.121507258309002	-0.0209482348192448	-0.703173253569772
424	170.833333333333	-0.259783469764985	0.331766569844204	-0.29320801694985	-0.417476964521178	0.200187022797686	-0.031642097425064	0.161149462687929	0.119417430278707	-0.51821293135542	-0.0450232785832562
429.525324675325	419.718831168831	-0.00631105066823321	0.283610809384874	0.486979838305154	0.0970594022552581	-0.0526994803534174	-0.177506459088147	-0.385503438504583	0.333092839946717	-0.0279851439986514	-0.369461887223594
432.6875	99.375	-0.0289594044383317	-0.199670345264215	0.137324082348269	-0.182242137903764	0.070291172738704	0.0624847390671489	-0.0561456674302006	-0.273328582320572	-0.0504780830069263	-0.177805097496535
429.416666666667	310.166666666667	-0.438246738069377	0.32557436101907	-0.153534508977716	-0.0718727744029533	-0.364962796835217	-0.567448040000326	0.127666333447221	0.00829126792975031	0.521837682899888	0.351691772559069
434.74	274.64	0.105004068983587	0.15900442642948	0.301351835671321	-0.0572249550337235	0.341540510847375	-0.150650474513137	0.704042969582238	-0.470274392175937	0.343343543911579	0.0744008210547393
440.008571428571	389.997142857143	0.0512644026072361	0.67820114933558	-0.0388036393203152	0.392895906006393	-0.33471548046137	-0.0755635677081488	-0.235345644926946	0.155763025384709	0.0715014193080475	-0.02364455439206
458	198.666666666667	0.482195643276183	-0.269862203829187	-0.0170647039809576	-0.289744434826056	0.558828070595796	0.0592680107112206	-0.610359711998284	-0.0211404501680704	0.687354221471802	-0.422747714105548
462.401515151515	456.871212121212	0.232279709080947	0.133025228051428	-0.155947614327472	-0.427955183285709	0.227717542532618	0.421080943225497	-0.292567734674822	-0.859807241717992	0.107123027492231	0.700871624468365
452.583333333333	148.833333333333	0.578888437906758	-0.140855715265434	-0.130830518595122	-0.144863815633291	0.138427569941003	-0.108133884684342	-0.263289383487717	-0.256378871932408	0.214874372339102	-0.279295331100969
449.6	125.2	0.497702383508696	-0.0260682843031996	0.343563889313618	-0.00907965620811599	0.0263592500261444	-0.116666977905751	0.0793908400980309	-0.55976225450925	-0.101853632748225	-0.149677811517612
461.314285714286	362.114285714286	-0.192677095764849	0.607971831213232	-0.0945382681176909	0.178216574696152	-0.363859320078923	-0.198463131078222	-0.295456382624438	0.0249020808879996	-0.09840961310822	-0.521177997646568
452.54	69.68	-0.0407286602252444	-0.325051798059368	0.398966734877212	-0.070387612683817	0.488076270801384	-0.014140577385804	0.481528264296282	-0.162766064796817	0.103025535792652	-0.646097087028331
459.2	173.2	0.253370067893338	-0.182967627668995	0.0836270794567982	0.0212231432597318	-0.751493523388322	0.104512522991603	0.552304511462554	-0.488229140023652	-0.469657726542912	0.541678915643014
463.7	107.625	0.64478259457905	0.169329315524276	0.129648923166824	-0.0186185542396376	0.424566144823202	-0.372812216428074	0.253401143640831	0.0290605658203674	0.547070125661244	-0.75295670707485
460.45	307.783333333333	-0.441254438675375	-0.140574125406051	0.0376238522304641	0.0307023507473676	0.085975030769346	-0.0366631063719681	-0.028547748129147	-0.55621425662528	-0.57952755796743	0.206259034920299
471.66	86.8	0.307876845133389	-0.237347814739834	-0.435193037279972	0.239064131036321	-0.0122652919770729	-0.540695935381917	-0.193384857851153	-0.222040908482433	-0.199057667261402	-0.766818573197913
475.2	223.1	-0.0797434930215012	-0.335043379856658	-0.41610068824733	-0.11236287564044	0.455420407559913	0.0433044759258067	-0.414842452102504	-0.0715325234460805	0.092227024323607	-0.453717216444811
477.423809523809	416.497619047619	0.0112393208559608	-0.47588479309451	-0.130714153996634	-0.447359841387405	-0.328126963427959	-0.426844101871619	-0.0813961562480258	0.0680567503330638	-0.562064305133076	0.627677415287623
478	51.6	0.0154670008830148	-0.0328994217677387	-0.734579236143326	-0.411833596532357	-0.736305974040209	0.0178249995521405	-0.334398574569343	0.30388699538585	0.332873988462533	0.641595220886565
480.54	258.14	-0.248742578605518	-0.272646323088756	0.0783331316210768	-0.426106760402237	0.247297413966423	-0.515019328341646	0.111610548317397	0.15526075574266	-0.868438715939608	0.151729704880817
482.9	344.5	-0.182915211178152	0.591457605589076	-0.142482241757113	-0.381220913946559	-0.199142593313487	-0.0400828146818037	0.256279969193787	0.208937091453932	-0.437536355648754	0.157873818737388
