28.5	462.875	-0.734746098677335	-0.326377626410062	0.680256757866752	-0.00354822631564385	0.342557669890448	0.554546251823078	-0.869687016652766	-0.380900175244679	0.279867924822322	-0.508918599867936
40.6	190.566666666667	0.0926611240056626	0.00296414995365144	-0.00739791348212522	0.0702783022571894	-0.252729892859873	-0.306460648302334	0.132559994305435	0.116642192466047	0.372509542091234	-0.828305010677728
35.7	324.9	0.0446156264738247	-0.288853953780852	-0.419702627051843	-0.074031856157658	0.0461005183883632	-0.0237109811231428	-0.056935471403511	0.627120852253247	-0.421417049960357	-0.236509667088707
45.68	76.56	0.295781517577757	0.0700312911873616	-0.0738689282493991	-0.273729745187693	-0.081456541646317	-0.212445336866891	-0.114085335587712	0.569491441113788	-0.20506262501277	-0.233432244197116
35.325	412.5	-0.637050609947394	0.359739379913339	0.748748601207639	0.269710549311822	0.165924793414206	-0.765903362080946	-0.955310702138577	0.162323473495026	0.511804110743787	0.771350826263328
39.7809523809524	144.637301587302	-0.226523421843317	-0.370010124474506	-0.0892187696478224	0.0715974340967421	-0.132042170774724	-0.177647818980797	0.0682943529122015	-0.374744898391698	0.308759850058721	0.0263213572612225
58.4294117647059	39.6676470588235	0.517968251624575	-0.206501557419473	-0.451931661957292	0.227230581403877	0.207147038822649	-0.259018875217046	-0.000286865688391006	0.319194534396752	-0.154690323643875	-0.125177578108392
42.4666666666667	385.166666666667	-0.113592501846009	0.288061354635161	-0.353764061940538	-0.0617756094752297	0.0984319452287876	0.01526087219229	-0.371629906198745	0.0282141392223106	-0.604008267680238	0.125077968293589
53.8690476190476	231.130952380952	0.0297169209198094	0.454699445026411	-0.0207983673722235	-0.285917277428566	0.170047365283634	0.0865244476115831	0.30223757337301	0.494753796771245	-0.174320691897451	0.0127857676428638
41.2	437.7	0.396201702685003	0.00332476953302096	0.669780743155339	-0.0770759144899612	0.896535744438709	0.206272286052069	0.759113189323149	0.128255936002839	0.898407531798245	0.0759633083693757
63.5714285714286	351.857142857143	0.503864090606263	-0.180796135909394	0.0900064527049076	-0.153761119643603	0.284668808075451	-0.291580642979482	-0.207197986650178	-0.0785708568752411	0.121810911419277	-0.154728838737349
63	459.142857142857	-0.0979284635045257	-0.254133894403886	-0.719618326919339	-0.3268380353916	0.302925589120957	-0.147174927948545	-0.0651805796907033	0.553508187675028	0.0657729532956974	0.20930661701429
66.3428571428571	421.1	0.0964428222924033	0.229205355623216	-0.573511879275475	0.0265645025039077	0.0660659483970352	-0.00579874696582254	-0.161550745777483	0.00976705920178985	0.224787186708336	0.0607936526560154
65.95	300.15	0.303907216377853	0.521964616030595	0.225709132888298	0.553868311186986	-0.0315766952519218	0.435123470959245	-0.223519894146179	0.421441132077323	-0.341953278947369	0.388308542701676
71.9404761904762	105.742063492063	0.256369752007639	-0.455884720638494	0.322403527903359	-0.213177000670411	0.227516838794164	-0.289641632197313	-0.0862607609842502	-0.463172238068676	-0.252982086853656	-0.477421287433892
71.5	166.933333333333	-0.245992844817919	0.193819340695912	0.234707254258299	0.44918474290017	0.39311678625331	-0.592505370162624	-0.805951745328406	-0.417900427561145	-0.117344995879433	0.670092044113863
70.925	325.35	0.413636958152918	0.19074944756896	0.215987597223426	0.00121642904857166	-0.475246238493123	-0.325303616057708	0.291904580288291	0.136611129061404	-0.383125972034699	-0.834968797978817
76.4428571428572	208.657142857143	-0.349392400412914	0.170009520828105	-0.181820610785679	0.117281804254339	-0.0412601090495248	0.122679311884275	-0.34877052342815	0.398404615322013	0.0414614284051796	-0.398302989827853
95.3571428571428	279.5	0.201470019866966	0.628325004576861	0.00268856081911988	0.104428461435621	-0.116080199597314	0.27723119632178	-0.217667126200723	0.135491592336441	-0.00347838368486475	0.252225603133569
74.9	383.6	-0.356447042153737	-0.119730782855119	-0.0513252381731507	-0.142564318846988	0.062554444475416	0.481718685092541	0.673829679417838	-0.166195523806149	0.164001022246588	-0.450076504476088
93.78	135.573333333333	-0.332383746557588	-0.143158547089772	-0.444372287600974	-0.161681008064873	0.615187279775752	0.162950215791791	0.0896151008941134	-0.304970084354192	-0.313148373649672	-0.148131355397659
90.375	488.75	0.827744943720115	0.175462564224407	-0.177922993476014	0.208967543006352	0.396825758935136	0.327034150694105	-0.53360886201697	0.41122275332868	-0.0775053573130901	0.235228492320497
98.2	467.6	0.124429264785188	0.0781233147582239	0.400839995146974	0.317744744683873	-0.584443961812597	-0.679930178666273	0.281080330539889	0.602788270739801	0.0145466757965816	-0.0619727323721322
94.6071428571428	68.2142857142857	0.203775123181036	0.00774341012315395	0.328122448476332	-0.15658751315873	0.196252039057087	-0.341382011577443	0.460428256794902	-0.0492997983421984	-0.0469897561371495	0.374129078246377
97.702380952381	242.714285714286	0.386761975075921	0.342337570677197	-0.303847391181133	-0.137112226802668	0.471837455814369	0.247755041161668	-0.0374577390075946	-0.256806864286803	0.07319650766357	0.66029536081351
99.75	438	0.421386622521777	0.109258602341256	-0.335030080879013	-0.018399706649098	-0.00294921585829499	0.120030080900398	0.110504146959828	0.281821423834994	0.518314197530438	0.444651186739045
100.666666666667	404	-0.0435258192425138	-0.0459413882685384	0.155369434585877	0.379392409610094	-0.344545485608908	0.312090671360998	-0.103217329476952	-0.129096126542317	0.650548226959696	0.368436383163751
103.916666666667	364.333333333333	0.181254097235985	0.0116475843458906	0.0230382151628121	-0.263649354082558	-0.384394798292145	0.045269450023356	-0.212088182979847	-0.0557407789210904	0.100173299946173	0.656470715902715
108.285714285714	330.214285714286	0.235520970810551	-0.0359597552405602	0.115970647516613	0.188304790711878	-0.235124734793042	0.00819598820357309	0.0922460218050305	0.289486835162332	0.177869950708785	0.560170356442883
106.928571428571	194.571428571429	-0.483602724407848	0.267215614516621	0.246371273242643	-0.316400269088457	0.433434835916381	-0.445219140942395	0.125221707680929	0.388381421670787	-0.107326656274097	0.603429379994467
119.291836734694	97.3551020408163	-0.248632715406872	-0.108645900736958	-0.501113414851392	0.149034923080143	0.367209212601337	0.398882926524669	0.229214346388952	0.034203871532428	-0.00478536384470213	-0.301739485325764
131.423809523809	152.152380952381	-0.168608411778377	0.222118486542032	0.330153830090029	0.33357032738406	0.347968881995522	-0.214938992568458	-0.419350302285694	0.458520977657928	-0.256259676315434	-0.0100486136361275
127.6	270.5	-0.172765446910618	0.747600479904019	-0.477222890595602	0.143056586812403	-0.376534591296921	-0.254633012000087	-0.177324167062697	-0.699253575682976	0.421917671055339	-0.10766173517616
131.535714285714	486.107142857143	0.425366027751707	0.0525161673338359	-0.00827742862850817	-0.274684294248802	-0.128298114611152	-0.172592862675946	0.117532319266032	-0.382663347974737	0.107205329926324	0.0928556460089889
131.6	388.9	-0.0423371724387013	0.247843011356796	0.215497064468179	0.056461674732449	-0.333743194461542	0.367762721203758	-0.805092106661227	-0.173611904872254	-0.212046770395465	-0.254088685556674
137.714285714286	461.571428571429	0.402356150210455	0.223128835798434	-0.132019761290704	0.375744407226656	0.0162250814463237	-0.0395433842947453	-0.238055447572498	0.33820956265352	0.0832548614470772	0.119890626788532
137.728571428571	233.542857142857	-0.0756731415531821	-0.300269990906164	0.239233839090252	0.20462230672033	0.020710447774535	-0.352950862770582	-0.460053042357761	-0.132784719289813	0.0575640023122964	0.654112251333216
137.583333333333	425.166666666667	0.0476317438310692	0.0356204924479758	-0.139089712108471	-0.342444678551409	-0.159718142608844	0.174602337979307	0.388801435489129	0.092635419792268	0.587909193115166	0.484499626220592
138.083333333333	53.0833333333333	-0.226490665173669	-0.263334697129568	0.164293559959733	0.543354550723446	0.665539242196522	-0.0416324868509126	-0.121729845412807	-0.73407572969248	-0.898682347412337	0.0678205330874457
141.95	357.183333333333	-0.00308719531895073	0.234970435745825	-0.0220934857123207	0.388950422973479	-0.0250297821707265	0.348014528422222	-0.177111886151631	0.472580994689694	-0.733469668045315	0.510038885946207
153.92	272.66	-0.034789332191373	0.465464040158923	0.108284198764956	-0.228753941866209	-0.168699013231469	0.0544361681790509	0.564283366398507	-0.469281223530454	-0.167568896705463	-0.0859512545936867
154.4	126.8	-0.0286615000656771	0.476106659661106	-0.199994190892432	-0.297637674929257	-0.14015194584392	0.161033203665199	-0.0588109021146271	0.257240688958699	-0.384361550018649	0.233554434661956
150.028571428571	192.542857142857	0.23112708224758	0.0438883090001522	-0.357005137968915	0.26477740653155	0.431824760300799	0.343107773124962	0.526211644172232	0.15104503846038	0.35503378903418	0.0327531085246847
151.0625	312.1875	-0.244096935948207	-0.100598753835133	0.0644251628356722	-0.252120695968992	0.0269544347132827	-0.105743930063417	-0.52607728801654	-0.00571651890076514	-0.0387262615913468	0.128071911159516
154.8	90.9	-0.177742448330683	0.308079202196849	-0.164956157270683	0.425679198723212	-0.150470413742173	0.310571349746869	0.443280194435834	-0.454774321915355	-0.569176979933644	-0.540545187224631
174.216666666667	382.066666666667	0.380690960476609	-0.229176679378643	0.0686237181696547	0.245395343305208	-0.229848189407383	0.242098790753525	-0.10657734683849	-0.41701369514115	0.162617719407329	0.650749221486551
163.94	442.52	-0.12859391065321	-0.41082527225801	0.32762960940089	-0.0593407081124427	0.194344260127731	0.367785447325251	-0.631448105784078	0.141219444052528	0.364999098995876	-0.529905897019779
180.85	252.55	0.288260232791182	0.331288059816542	-0.064261289033851	-0.277225381014373	0.197699484396862	0.0731927330502828	-0.512107625370016	-0.0580010664547513	0.601550971393074	0.111848380772289
174.44	350.72	0.0364458098248305	0.268171210823265	0.23583936950122	-0.455162676308111	0.179663384215572	-0.171338429064195	0.0680960499792843	-0.569795045475546	-0.0273471722203754	-0.130993786656598
175.833333333333	479.333333333333	0.631157744975992	0.171972256802419	-0.0638755582587429	-0.131816532232683	0.30822679624697	0.0458008236181063	0.329872440927993	-0.195001552024537	0.514571989164707	0.11781114556981
178.12	411.86	0.382498745329839	-0.400578542352088	-0.00854244923731587	-0.440101125071362	-0.0286532742991889	-0.0241276788576694	0.0477703480525811	-0.370567648323173	-0.0219816056990379	0.303522080493821
176.54	460.32	0.534829037398964	-0.367780969376557	-0.144817958023684	0.532049080476178	0.210955206104796	-0.465287872188843	0.173404920246023	0.492622838936586	-0.429265852547658	-0.633399759182633
187.133333333333	51.0166666666667	0.351354041137234	0.0822311984405321	-0.540441203705959	0.0857594423271475	0.123663518762414	0.0259924073138732	-0.133912901801376	-0.169533608842969	-0.189972562449165	-0.0308645014937103
179.048979591837	174.016326530612	-0.425220603587361	0.357421466222653	-0.457134309569728	-0.0436457464603931	-0.105619588223157	-0.160102891601818	0.329457282406792	-0.472774778419054	0.266321529756988	-0.0864624298128995
181.25	84.375	-0.244854789338775	0.304506881019336	0.338866770051166	-0.574911541831657	-0.760190619497557	-0.214886277446386	0.233724241765688	0.619153463764309	0.275552149540209	-0.758174453903849
177.5	217.5	-0.212618526622903	0.192195477753465	-0.597269287233593	0.0557043664145231	-0.4799806718002	-0.487632895835066	0.177552477281471	-0.806049285395188	0.768866309927578	-0.0655575431364219
188.4	324	0.0112189933783925	0.489415720314269	-0.0709089483913904	0.222900633254699	-0.485022457027419	-0.251262151077569	-0.0936962467582682	0.55109168419066	0.330283593513629	-0.523622174961233
192.2625	128.825	-0.218750759410616	0.483853856382228	0.156661769996308	-0.0174847920533472	-0.418981249120739	-0.111503473434116	0.0999649682498936	0.00438698441277745	-0.0312427512874404	-0.41995821106539
188.985714285714	288.528571428571	0.0540321083669282	-0.22720215515395	-0.145835571702937	0.259473916866593	-0.142289769135675	-0.362134487561522	0.506303133822611	0.328099755896581	-0.150694195226237	-0.218486920183543
200.742857142857	429.157142857143	-0.0949244438486344	-0.406925546097073	-0.300368720208247	-0.0165611487481449	0.0598808322934537	0.159460516392556	-0.159893629731622	0.112867777243933	0.00300676054918401	-0.125970158604742
220.333333333333	370.666666666667	0.671561542464011	0.358559287737758	0.198812582008509	0.15875470482066	0.447445147632519	0.172867101187172	-0.00123814353372477	0.464900234951412	0.648652558526259	0.249580020742504
210.22	177.82	-0.362455482379082	0.40618625326018	0.430322723589972	0.27789283091301	-0.366670784960704	-0.193441085437289	-0.208685575782383	0.109747761601158	0.512052016912116	-0.155119965671637
227.916666666667	487.666666666667	0.461118789554084	0.063390454021137	-0.419655003936524	0.56320288031388	0.0477282361330661	-0.340210244612953	-0.239940199567287	0.733643556361227	-0.328850712057765	-0.738390363529654
211.166666666667	93.75	-0.335952383515052	0.236101992272008	0.331162425297473	0.277840057694073	0.382793006449128	-0.270476962297228	-0.465747279388862	0.138149158403528	-0.446514944800048	0.118829353748462
209.5	221.714285714286	-0.280502157708905	-0.092963108263226	0.459428321290962	-0.209610519449085	-0.269076084827099	0.283077798620376	-0.254030445572099	0.0260857708166645	0.687615075942976	-0.488053147327606
209.12	393.56	0.163208984994323	0.0334932438652659	0.411460660679144	-0.666176017577898	-0.168728202200815	-0.720736552190629	-0.0659532190374844	-0.403350007179331	-0.266954624650691	-0.785869190862199
210.583333333333	461.333333333333	0.0139354002376581	-0.121248784703468	-0.0896049085161253	-0.0397714703668903	0.113903814351782	0.168438942473997	-0.313671451356954	0.0894017392624892	-0.773023116667656	-0.366047923377955
214.4	321.2	-0.220840596552392	0.608057331009103	0.263346721384938	0.0738610810098478	-0.174069427282561	-0.35328308437168	-0.298920211472284	-0.162780850296266	0.327785230652963	0.267742303187288
216.233333333333	261.95	-0.00878170205554587	-0.117982069881346	-0.198288219683429	-0.0980278967562101	-0.0974453390298086	-0.0627124229697633	0.26021251432447	-0.462857514798479	0.170701681741558	-0.707108801069762
231	349.8	0.561853036861775	0.560186056516011	-0.197532864336484	0.0013299358494088	0.116435779019322	0.306587735893523	-0.0566339974884266	-0.425128165225772	0.412648166545375	0.00430719685177877
228.733333333333	298.366666666667	0.0875810666924787	0.507492014325815	-0.11926951596037	-0.219258166263815	-0.116088817374285	0.218559189040136	0.0311003564143108	0.163229497033249	-0.505554648382268	-0.185764026333475
226.214285714286	57.6428571428571	-0.472662000568197	0.38120819236034	-0.2068012003016	0.0235150558415013	0.346822185578341	-0.353763409596393	0.252810958956804	-0.0176618871270663	-0.370286428868311	0.207834894101013
230.066666666667	130.116666666667	0.0231000192078933	-0.00983983312721335	-0.16917775528329	0.0123204495442783	-0.0359879097594034	-0.0820435892027712	0.13241904002779	-0.587544683353836	-0.642085760385949	0.474197932203787
228.06	161.48	-0.111421911421911	0.53919206442571	-0.023881623537827	-0.206231820990881	-0.13468734496547	0.251357483303739	-0.0914963206138768	0.523676896545127	-0.66702971186056	0.0197944762466487
234.083333333333	433	0.148176724596955	-0.277919731223613	0.183090837009792	0.0343672758389805	-0.214819774374195	-0.044362820604536	0.37443507086906	0.319121492152362	-0.0341097419999109	-0.5180683860296
245.142857142857	398.857142857143	0.389860396767083	-0.47322556943424	0.232287242229388	0.216204722002764	0.0685109894903572	-0.561933125116035	0.494108893743677	-0.0240107718251147	-0.171362280761809	-0.324776640810908
246.771428571429	194.957142857143	0.0559976580610959	-0.306237785918301	-0.105887241461482	-0.172441301463858	0.12481414004487	0.125570767304868	0.0190076965486066	0.0208015107313182	0.596525909894484	0.086163636798044
245.416666666667	234.5	0.00049988795614787	-0.0103425094375399	0.0834725236997291	0.0861765388147672	0.258401941178897	-0.0578267316684282	-0.0178719620687054	0.321365671983585	0.665376746439273	-0.594458495213561
239.42	458.86	-0.0792767493839186	-0.187153991632758	-0.143632113161259	0.155057967162047	-0.0604902778080975	0.36274093541646	0.947873836448559	-0.00540787477150568	0.210869235198205	-0.126941869444953
256.48	38.96	-0.100381308739377	-0.00981197912951873	-0.281435283792471	0.0601302120587218	0.229238402487198	0.762726907952045	0.350662952096331	-0.593358404400902	0.0527024043591818	-0.275908560082245
249.5	333.9	0.228345749932681	0.232474643209766	-0.186952210896362	0.348411486261326	0.109296844392704	-0.0453805453001586	0.430643289227774	-0.0468519149129773	0.0650999696548043	-0.2268225134295
247.916666666667	102	0.19857857234444	0.0929789533456671	-0.0171927294827045	0.0495166217178093	0.0384490474980445	0.0237722353473303	-0.382397731192957	0.132955333604575	-0.8464767489622	0.0875055938462596
247.84	269.76	-0.248647650297592	-0.232434429134546	0.188100523428021	0.0815553455458779	0.339374396134311	0.126558868099889	0.390936613244508	0.479481816294166	-0.217838396140487	-0.252788162900999
257.916666666667	157.083333333333	0.0634047209629513	0.19812412068157	0.246598684658951	-0.597112459176262	-0.0940119451107125	0.0708812061464865	0.164385145684465	0.00751928073496128	0.0320538131690715	0.0328812237456273
263.2	128.9	0.196909962706447	0.0342035162493342	-0.184416003034108	0.22762894011962	-0.141834655092817	-0.319093338896925	0.682446641591724	-0.106712777530015	-0.106360238366866	-0.376765715849799
262.2	76.1	0.106365503080082	0.171024412502852	-0.0458564257878677	0.189386699447442	-0.14769030295161	0.471416467107718	0.480203430629832	0.601386779956776	-0.353994038707157	0.056211030783649
266.25	478.166666666667	0.0684868412635459	0.135412801780939	0.0381237738518199	0.119577388967212	-0.403984540521113	0.264579671762072	-0.227433903417229	-0.441943284268787	0.536734458167279	-0.0802881757020266
267.98	421.94	0.111346696515109	0.293401607355754	-0.453410058649121	0.407920197544543	0.159024487506391	0.59944141585374	0.0800837251989408	-0.534184781866986	-0.386083950454462	-0.118741607950423
276.6	315.471428571429	-0.155302253016193	0.502136532902003	-0.0397888864580677	0.18812305862155	-0.0190791919062663	-0.23896703875137	-0.331783187336309	-0.581559353452769	-0.339446285660453	0.2145683977153
266.416666666667	446.333333333333	0.230281201015648	0.254665113083874	0.145886441168482	-0.127634816232912	-0.365449510646214	0.0741404789438387	-0.0915924793740214	-0.0752529089799637	0.0653788546042221	0.333390139861364
275.6	213.1	0.0566688889760383	-0.0872975410800421	0.00859899816042874	0.350467970289452	0.0601577039654913	0.383298778377661	-0.711941713398633	0.376804916494682	-0.0565446285646702	0.0669388047617637
271.642857142857	365.5	-0.240223091650712	-0.180171480895696	-0.294799713648787	0.0593877078387711	-0.251874409217542	-0.265319220084582	-0.312201224582831	0.0540910464871007	-0.476826870444481	0.47394633071259
283.566666666667	242.033333333333	0.275176608085154	-0.481569544097107	0.0954544221600674	-0.177415998043782	-0.12088298092197	0.137949554626959	-0.556364103159153	-0.100563784568519	0.378319599460236	-0.241392717386794
283.083333333333	180.25	-0.0432054158901609	0.0774730916974101	0.0539763714511403	0.0649778876190904	0.201878673637452	-0.22422160903501	-0.433463472051629	-0.401009491492282	-0.147102687889633	0.87125193220227
289.85	26.95	0.317348198585806	0.188065397134198	0.407870419269285	-0.568620591809834	-0.418475522861847	-0.210399665839989	0.615033427087153	-0.26993689174782	-0.356621513196193	-0.831620558034581
282.75	105.833333333333	-0.215952874291488	0.133157525215336	-0.147170339139394	-0.0749835660786912	-0.0701866276061396	0.0546801116218573	0.0742845608869572	-0.0722621679193703	-0.605386907878426	-0.586979746530412
303.74	278.26	-0.0854563368387185	0.200501587568525	-0.320683331071811	-4.80368244470772e-05	0.447762125193008	0.443059766422481	-0.457131244652921	-0.524957113234253	-0.278246974874254	0.169925920806821
295.985714285714	69.8285714285714	-0.152261639376954	0.44864667241187	0.133319547977464	-0.062935704254075	-0.215557184581395	-0.125151198429354	0.172910631765133	0.0458013008430744	0.448862469313772	-0.361712724314698
295.166666666667	404.833333333333	0.229138972235938	0.376770861027764	0.426021533562141	0.0268031165852898	0.125774179652758	0.602741781924893	-0.198606026706058	0.176471395433173	-0.201424101215793	0.00539368928502557
300.1875	145.75	0.187753401669884	0.0871672407015157	0.0704329472426638	0.0724072019842446	0.0956550013385275	-0.13574375992318	-0.102378698818507	0.0277703544601843	-0.111764375590071	-0.39373044523452
299	462.166666666667	0.360261865793781	-0.19050736497545	-0.103382102902179	-0.397992210005283	-0.206916768906818	-0.164915399849283	-0.42918489424292	-0.60502485498917	0.063891376902084	0.0513775753245789
303.583333333333	436.166666666667	0.465868612365428	-0.409550167511951	-0.148374926533756	-0.244913651872346	-0.344958944186618	-0.43016441250456	-0.300681257655028	-0.393103388015998	-0.388332878941727	0.141103929200059
297.9	488	0.246415211970075	-0.4535536159601	0.388456873135988	-0.318840417337871	-0.277828986746892	-0.16219932946873	0.199374596113955	-0.185180619779419	-0.0312574111076462	-0.114712964822444
312.957142857143	208.985714285714	0.13012665840893	0.10548876971654	0.32113869307594	-0.313534902467444	-0.239887205598486	-0.0120069116347387	0.101776999698976	-0.217659593305731	0.186531696038892	-0.136646520203298
312.666666666667	367.916666666667	-0.2577963441271	0.304595171457283	0.0690139698995161	-0.0703279328261484	0.00343595079197154	-0.795997822697801	0.536747032108217	0.240412109038752	0.226713231473815	0.726168130419359
310.6	109.9	-0.348700803566192	0.0724969206405069	-0.341108631220107	-0.30460327618322	-0.265472130332294	-0.567009565057423	0.855686644063853	-0.0295245270462063	0.41918787689237	0.619360063843838
317.7	179.6	0.39290780141844	0.195440729483283	-0.161749149051723	0.147425056846766	0.131330359201974	0.1183978454182	0.501279306433837	-0.0372732969306498	0.0626356260855443	-0.0536544386115748
324.25	324.833333333333	-0.240597459555629	0.14378749637966	-0.20334956967162	0.0121360455179795	0.015975869464394	0.0366313479914477	0.553130110655779	0.250949274613041	-0.592365452200312	0.315263814623425
324.059259259259	44.35	-0.454166108307678	0.243161937191584	-0.249399744667589	-0.0262591666464414	0.659318418491989	-0.393351066585164	-0.00350872374571195	-0.124015961690062	-0.115383306824618	0.462307802002975
320.64	245.18	-0.118445807101279	0.219943183213669	0.075305732148256	0.0955289204846146	0.0703722267894998	0.523779978163734	-0.228760883083731	0.770418510482143	-0.443768564401697	-0.127094528939512
326.142857142857	473.571428571429	-0.309293733124911	-0.0341409691629955	-0.234517469289049	0.49145698333694	0.0736520010425998	0.123918640397721	0.292818158060011	0.112202242150808	0.459142305579713	-0.294925532279273
343.612244897959	435.663265306122	0.381368814303898	-0.638649428588496	0.229931054343885	-0.27583275240373	-0.00869490753148848	-0.710070092899671	0.0425387448158012	-0.716268222524183	-0.402607502020733	-0.774977189679613
337.828571428571	93.3	-0.0881277818112945	0.367143323126782	-0.239906344979828	0.370618864158795	-0.317421233515216	-0.49485237966963	-0.403832517355392	-0.352609975150145	0.129943081753855	-0.396865849829745
344.428571428571	278.571428571429	-0.140565122299182	-0.178098392969584	-0.0879462773040083	-0.0835125062935419	-0.238191399200113	0.299495068298712	-0.185464719031013	-0.565051584034833	-0.0411429172840045	-0.150045774396932
332.1	127.6	-0.314574179676545	0.10161727587174	0.420115086354437	-0.0344079645403132	-0.141707382870937	-0.818235385226203	-0.802568502723494	0.240595651505625	0.501827671055705	0.496459795223992
340.916666666667	161.166666666667	-0.0906962252393451	0.2427629963933	0.134619232704858	0.0781001563072713	0.242529757557589	-0.124861672216458	-0.15413659951827	0.338473861867628	-0.0414079016352572	-0.557545703584516
337.214285714286	404.52380952381	-0.186385830233964	-0.288579130100218	0.47878050572011	0.328750551646547	0.366575294896637	-0.0198642545687739	-0.424752552364266	-0.48891026002238	-0.352438795454672	0.512687536970988
348.511111111111	26.3	0.0443131446364091	0.0367175168119011	-0.0280326222899095	-0.0210760064909538	0.440892266934566	0.0471054326010389	-0.142348663961652	-0.907029086117334	0.0639370539253961	0.0661683771733327
350.166666666667	231.5	-0.306852958180767	0.0616072460975143	0.125720652010106	-0.406318650139291	0.267821320417832	-0.142458659981991	-0.368218407445835	0.322981799593066	0.170020439672112	0.419879676473351
352.2	194.4	0.290605794556629	0.174683306158284	0.144838305798656	0.2292094916702	0.527248206921828	0.0430029092096899	0.612957784659438	0.0390877381971018	0.807199309081936	0.17357522114616
349.4	367.1	-0.0121105544311358	0.137562626497229	0.153665207208058	0.134757686656036	0.797032534317944	0.0136181545582939	0.588865508307984	-0.0233633466506192	-0.0296196367842259	0.396172233861401
354.304444444444	61.9977777777778	-0.0115209365348815	0.255875010239627	0.172861445504704	0.268291759589676	0.136213511245935	0.268177765791564	0.0912715715937634	0.865605544919171	-0.290378528824987	0.273566769055519
349.5	457.3	-0.0669139677557424	-0.355257526037951	0.403017028367244	-0.11788729280424	-0.260945005555619	0.732056266068174	-0.216392783786438	-0.786842640491975	0.755048584638437	-0.0497306151369966
348.88	484.04	-0.0596888134766163	-0.0556675649599101	-0.125534369130347	0.121480051172551	0.317965991210481	0.837830597818968	0.187859618003839	0.574901579086335	0.0819959262924418	-0.237229917067432
369.265306122449	336.826530612245	-0.401834988986882	0.536668288411015	-0.13064240196218	-0.174334328825005	-0.320703964935126	-0.355574646402215	0.45418361632098	0.107180984680856	0.0499757929117506	-0.266556185262378
362.75	135.583333333333	-0.113110178039455	0.254251600947667	0.0471490368205099	0.40387796724277	-0.270917134307786	0.242274306988187	-0.802401701962178	0.28759107014955	-0.692879530048924	-0.456504416720198
382.183673469388	398.377551020408	-0.0622451612903226	0.321990576295759	-0.316355368443633	0.526131176259655	0.28272078153078	0.0569637962104314	-0.19178211284152	-0.393785277233488	-0.35814418222793	0.225021780097093
373.833333333333	100.577777777778	-0.271571003959456	0.036366790919006	0.0144407327871828	0.122896719574641	0.181330364199974	0.515609753925154	0.688603228618881	0.232895766709643	-0.19516432411385	-0.450820668512042
376.4	175.8	-0.029528490806481	0.350191152375751	-0.608412702559273	-0.220727613808846	-0.485442826742585	0.106254751671707	0.105895500319532	0.071472789945641	0.403371820356628	-0.0716441432615994
378.116666666667	252.35	0.0757890495855527	-0.114550980868473	-0.0430527691102631	0.0910332662464804	-0.123303407398376	-0.290546900176878	-0.486043669503772	0.566718879803073	0.350206803520949	0.44974303865334
381.8	433.9	0.326335107359149	-0.673591484676087	-0.134659223210017	0.353430379478482	-0.283334367841748	-0.250048044181148	0.0716041243146891	0.38614035865648	-0.00171413151425348	0.000787466220086173
383.071428571429	464.714285714286	0.103206965696368	-0.421037048999421	0.13240053599226	-0.409168041143999	-0.0550393736024434	0.385711138242882	-0.218798911743326	-0.154159499656647	0.488982323185628	-0.23125074759793
383.611111111111	36.7314814814815	-0.209747784894811	-0.122025714017828	-0.0359933750722569	-0.368685712383327	0.672961401685333	0.121380229807425	-0.112335969673922	0.822234450198679	-0.669544612452137	-0.44613119253275
385.2	293.65	-0.118438938829204	0.44486484793435	0.254717839994797	0.320148239268534	-0.115239147230261	-0.262230962988927	-0.209587973687365	0.464412546445646	0.386430136182293	-0.208004742711649
391.426530612245	212.863265306122	0.273894219642289	-0.194370170184568	0.188234137137547	0.172522948983914	0.350384356186447	-0.395361253465884	0.461855350425962	-0.107122993845779	0.143396725560843	0.105823497409807
396.875	484.625	0.0767527675276752	-0.437146371463715	-0.563463385846458	0.315919970215632	0.372341712155294	-0.10621939292584	0.250009261560423	0.713117860834114	0.226542586916372	-0.829831847931134
398.4	128.2	-0.29335604770017	-0.0625058076506118	-0.366373297241389	-0.117168497346343	-0.0884121622949188	0.384308305792214	-0.451184778892963	-0.00518851519265969	0.419821469624909	-0.197561915527856
397.839285714286	331.821428571429	-0.432756803720289	0.061634400844001	0.543546257095884	-0.132538722155585	0.057779270772657	0.636841620372376	-0.623783108757743	0.24961330838166	0.232978362440884	-0.826508311351303
400.933333333333	75.1777777777778	-0.685456046444668	0.0481083228114191	-0.280916847962664	0.0164023216239157	0.528444840275553	-0.0702630218322482	0.0516639346229139	-0.282437999500009	-0.280413631139736	0.0607949781532109
411.54	279.72	0.170065426555485	0.557874278383579	0.143740917788279	-0.216372382862999	-0.133257952724003	0.377036795325182	-0.17918163458689	-0.078692477664885	-0.408023630681497	0.186946260387886
414.732142857143	371.348214285714	-0.337498369870239	-0.0484070662363299	-0.268354867708001	-0.300193586480138	0.531037116419016	0.294265883097025	-0.026960148661809	0.433770467480856	-0.412777815956849	-0.0138991796120245
407.2	172	-0.573135844718338	-0.085821992888271	-0.262217649483003	-0.395287282399335	0.145994384313515	-0.233133829402271	0.705542743610418	0.304592862958316	-0.0481720433089228	0.702041311759823
418.730952380952	243.157142857143	-0.35219511272011	0.135953479990136	-0.492438767930664	0.180454172807724	0.06743594588268	-0.181372519773861	0.488535129607963	-0.23134120728126	0.0570476805704667	0.41068535213116
418.285714285714	427.5	0.226860528956286	0.0588402339978418	0.578836044544177	-0.0332569214759639	0.480283900541571	0.349282123365402	0.23702827637476	0.242489759049552	0.293963880292646	-0.0578910763943749
416.833333333333	490.333333333333	0.750840807174888	-0.367152466367713	0.522593156216214	0.155051841906975	0.476877146614368	-0.612933037464293	0.7932497839043	-0.133208958688835	0.303383152296512	-0.547993263048864
424.25	35	0.47319976469774	-0.312952005259698	-0.306387531275152	-0.130148615896651	-0.0272849338847815	-0.087172531059847	-0.517863994929173	-0.101203950435772	0.0162132284656634	-0.109425174912247
422.25	315.833333333333	-0.293915347285025	-0.175776025678585	-0.200777555197929	-0.600538538124337	0.141971591837218	0.0416779764748834	-0.0502434298308996	0.338880162518825	-0.027592435466184	0.0699168355378915
426.75	467.583333333333	-0.106292022077271	0.0382338183642749	-0.610801540534468	0.24991495039341	-0.407026377231353	0.62957890004534	0.474545071738927	0.295630031930302	0.723793224056185	-0.396873182744706
436.5	73.9166666666667	-0.330932899141531	-0.0667820919952473	0.210252975358617	0.00161487677522103	-0.644225398887156	0.397813332250357	0.263494312767613	-0.432066776245241	0.542515847257049	0.00937329124141497
434.585714285714	130.542857142857	-0.301637190925044	-0.288934249655854	0.0481250438537069	-0.0418361309849851	-0.347700012483399	0.229272577493307	0.385720038724699	0.144106916190134	0.337596267799022	-0.511302825701283
432.326530612245	191.091836734694	-0.527027210438903	-0.113218999089215	0.245764338332947	0.431120939960389	0.436286640090577	-0.134928369608976	-0.0413886379965165	-0.500610483605058	-0.26952523035835	0.0228341813025363
445.833333333333	404	-0.287094041231291	-0.169104772663089	-0.383514307866139	0.0213942154372975	0.378807582020495	-0.475440902285704	0.0264714785115935	0.557893399252518	-0.18554699096711	-0.307145395460826
449.5	368.3	-0.276779622469866	0.117693882192404	0.207173950373376	-0.282701179330565	-0.550741467298198	0.286513548202649	0.536677258435024	0.499311566160059	0.317324961341065	-0.615059029423561
451.333333333333	328.5	-0.0995825013614087	-0.45133418043202	0.0650710959902446	0.101980689760089	-0.357355378893308	-0.195228901699849	0.225754920009142	0.0906962423506469	0.359165185600163	0.346142429402378
451.783673469388	282.083673469388	0.12564078395003	0.0050051413221463	0.312467308955332	0.0168148186777022	0.276080976491869	-0.0969194652812679	0.467605942965315	-0.3877141114992	0.659896675933925	-0.55731587999782
454.283333333333	233.633333333333	-0.140807498458826	0.0320515788825192	0.530625936795023	-0.325212102380187	-0.226279142441152	0.103107173982356	-0.0628057726171066	-0.228258717832861	0.293611828476827	0.059612698698075
463.5	166.333333333333	0.0479950530371498	0.597916567568853	0.218766025020275	-0.284427163971092	-0.535521554020498	0.177745090458456	0.192914762431559	0.0795247208167807	-0.0668396745165801	-0.242121870298806
467.928571428571	38.9142857142857	0.108383832040776	-0.0941159848032903	0.0288496284201396	0.254621369888812	0.184857850671289	-0.173638877131347	0.558263582766913	-0.198223421135385	-0.263171701363836	-0.268926722009029
467.9	72.18	0.123082545950775	0.0333479672229709	0.399585472224261	-0.0174019774899176	-0.838530069423539	-0.0681211439258127	0.716141548107262	0.081967767905753	-0.0928073085713495	-0.118400734115277
468.8	135.9	-0.101038541426264	0.194691899376875	-0.204637660520243	0.247869322898028	0.148510908890304	-0.6385904237943	0.079878017490383	0.516151245861728	0.305806678143072	0.16549004280363
474.035714285714	202.27380952381	0.291169340509783	0.106259770209751	-0.0396867515796438	0.176458556909552	0.251398431230123	-0.283201106147918	-0.0109678729921959	0.754924658819544	0.030567754153024	-0.768016590840475
456.583333333333	449.083333333333	-0.555156777954796	0.247991036257638	0.158621995907518	-0.258129674824634	0.188778721483519	-0.24737242390462	-0.0680114498259158	-0.170455684119287	0.409890306125215	-0.103744868095525
466.6	101.05	0.10529583600517	0.177511781530225	-0.104460656299618	-0.374201527627934	-0.0281903792528507	0.123574109578833	0.586980679228619	-0.132183399258667	0.535783091444577	0.165798349362234
474.97619047619	419.130952380952	-0.256988293144172	0.448062863353369	0.139825239042649	0.29494202871812	0.185777928811036	-0.456556233680781	-0.425679328409533	0.335031584748115	0.0691297875535141	0.201055289796822
477.357142857143	380.214285714286	0.379442093586952	-0.286019473316626	-0.10044278096365	0.152214189043302	-0.151161901108758	0.235534766557539	-0.294720121141711	0.546533086520348	-0.292859392657954	0.421328401744222
480.771428571429	262.971428571429	-0.186744101474198	0.607758587606654	-0.267172428541061	0.431054274860834	0.135901145133906	-0.113466436283908	-0.617808192169647	-0.707497958062342	-0.324350426653788	0.256332703257912
478.6	346.3	-0.138497721593415	-0.484139350286638	0.0173235594083331	-0.0729540057090783	-0.435227976030107	-0.0544892800052594	-0.635694440193518	-0.322013830708997	-0.102705550934132	0.448541965688549
491.577922077922	302.699134199134	-0.225421897674035	0.0324430008599668	-0.230028112189242	0.363488253277922	0.107773452485332	-0.010886546581554	0.114254484594591	-0.499252954355496	0.476011635991316	0.211399832986611
485.64	460.78	-0.43904005094257	-0.464695737539633	0.414843643877875	-0.0578691892612519	0.172027804685524	0.519762352536864	-0.0754510993817794	-0.308385652218208	0.283077523912938	-0.660909468764012
489.619047619048	403.095238095238	-0.14032871764626	0.089434373907188	-0.347179609853602	-0.921577820675982	0.0173009256478037	-0.0371364664486224	0.32114375304075	0.240659552756997	-0.705209210045708	0.630223610665236
483.333333333333	121.5	-0.815988476773497	-0.132877205617573	-0.510224731194367	-0.0727296906299464	0.724630968560295	0.242429355803207	0.732523411046425	0.229018748127345	-0.41970351092554	-0.262404914194031
483.166666666667	85.8333333333333	-0.749224939717534	0.34653806407165	-0.552939275355339	0.0459774452155439	0.493673077426019	-0.580963035743942	0.708175306632875	-0.401893619247793	0.0286394018913481	0.596670942349084
