22.5333333333333	266.366666666667	-0.501155977678335	-0.606674389206389	-0.263447350064806	0.562061253975404	-0.133891268960796	0.696481074050832	0.852580880945916	-0.219633084668031	0.346072757790323	-0.478815679014781
25.9833333333333	290.533333333333	0.215432795125202	-0.119657300654648	-0.0868990460120029	-0.014587385790592	0.00788751378547952	0.0817085880780929	0.35761293178527	0.014873885479269	-0.720029282584317	0.401612288613678
24.54	395.52	-0.471681579706215	0.0200846148217969	0.439045888686666	0.252814808312383	0.401812399397415	0.0510586869377843	-0.11506023103446	0.144924634849914	-0.17413275154226	0.260817386291114
40.24	183.52	0.371580583545351	0.359945249124218	0.0806640177740601	0.237287203887593	0.443274002835112	0.373188040915656	0.379684741703906	0.0753525937723527	0.222162583314925	0.696447923106981
46.747619047619	429.290476190476	-0.407978101770528	-0.255541229462432	-0.232870610841791	0.0718765357232666	0.561511498552325	0.739752465951672	0.0989294279770182	0.0469260759091615	0.0426031211102231	-0.664744848166657
49.4979591836735	476.720408163265	-0.026869247578446	0.346985609604235	0.376965794585918	0.0796088570373062	0.355230531008926	0.165191784327914	0.00681895435496366	0.492848055843633	-0.479633784319508	0.491025082826654
40.45	261.4	-0.556654110119201	0.171897414727282	0.415229019031955	0.227994176080098	0.336021133133765	-0.504612543410679	-0.431513666790046	-0.224629185895792	-0.128857383486274	0.534040079801801
54.24	319.98	-0.00654371926864291	0.628240551549585	0.108760078989634	-0.281355549258852	-0.162066945537247	0.0490442610517936	0.0976880066637481	-0.260638169148038	-0.205926507270805	0.189813581424305
56.44	384.32	0.00992528939160535	0.491791219903486	0.419391535878348	0.195212485048469	0.122734181814631	0.564352873731882	0.0849124853396804	0.408873944001563	-0.550491096259822	0.549978207756395
63.8333333333333	133.5	0.210280719946671	-0.00311088067550561	0.169897450604042	0.620455931673789	-0.190663492982516	-0.063732669602504	-0.000296635628336992	0.580437218519784	-0.00655282461683629	0.0721119186751949
56.6428571428571	237.357142857143	0.0865407044553302	0.338931653837182	0.0100547313904738	-0.232212048763294	0.230406918495419	0.145908071935767	-0.138058793352597	0.0392797888733392	-0.319135155260021	-0.122126752762304
69.5	167.283333333333	0.309280681765966	0.0928694108031425	-0.125822068697613	-0.598875849804141	0.270127339007223	0.116688131913368	0.260950926701882	-0.259171573844582	0.209977588488723	0.0370457423950872
67.8857142857143	292.7	0.28351778828665	0.314606329574391	-0.303462156500182	-0.316651002526455	-0.187660382394207	0.0332363304529693	-0.125479473249589	-0.209190887734768	-0.392778843256061	-0.118760641480764
67.9857142857143	81.7428571428571	-0.102911232422531	-0.329859283585985	-0.257799506795593	-0.0949937199100131	-0.18780355483135	0.287665378591256	0.302078337867754	0.352569349591203	0.479090507387733	0.258150360003682
77.3	455.4	0.384140840971919	0.171628109995635	-0.00506871415407849	-0.305681225874241	0.755205486558341	0.0743572326691744	-0.41679783887791	-0.0267652298696561	0.652953028929789	0.316812883825532
69.7	266.2	0.347132141447183	0.137950482206305	-0.0378071702920242	0.542415232172168	-0.126585825715499	-0.164890106867542	0.229121539904701	0.120958470606686	-0.541751805107852	-0.421371340444935
67.6166666666667	205.433333333333	-0.230490235013373	-0.260366841570692	-0.0260839624541649	-0.22494042514813	0.423175554408995	0.0322384243327295	0.448380514743157	0.333921436270622	-0.497736356794115	0.279255758446785
89.6285714285714	368.314285714286	0.131696849157333	0.768923084080626	-0.0197090007570371	-0.145905375284215	-0.524869828004682	0.26331839283079	0.056802478025542	-0.0807896087887918	-0.292233720441251	-0.273228965340254
84.2	423.9	-0.00261635220125788	0.294389937106918	-0.2762820822886	-0.0997990416404599	-0.396109275046505	0.239681099032061	0.826548188836506	-0.0970569981814642	-0.130357825089721	-0.23397305128689
85.125	225	0.208934066314006	-0.320575320679044	0.500515760443322	0.461778912975214	0.644559991111157	0.0554332273886218	0.717817636289629	-0.181782325837408	0.492061586638561	0.0254215203519008
98.1666666666667	241.666666666667	0.451212938005391	-0.519593613933237	-0.0065694006529896	-0.213332933043246	0.249329637888441	-0.280947322190962	-0.329805477236935	-0.0410401619812536	0.0699606725519872	-0.581657001504087
94.2833333333333	333.15	-0.0361755936896302	0.468948075626717	-0.51382364668804	0.19486121454421	-0.289051708217224	-0.257396143825852	0.126263977436987	-0.309786738528779	0.289968577704377	-0.123674143657306
96.1714285714286	107.957142857143	-0.342886576473526	-0.123103226502809	-0.00129309129265815	0.0470533456491123	0.477239802451863	0.472536790541745	-0.486364769921777	0.500046706600516	-0.270555865386888	-0.584209062419727
107.142857142857	199	-0.271305072176678	0.353203506740215	-0.364186126976325	0.275419172507061	0.265273285075446	0.0368681834608907	0.0572409008723472	-0.390254235737809	-0.190207799859444	0.240947876496578
101.166666666667	478.333333333333	0.253037884203002	-0.327063974267334	-0.0680076111685732	0.0521404890310384	0.488071669413387	-0.230905425255816	0.168226179825135	0.419791144111787	0.0985052482784969	-0.0496460540698206
106.083333333333	264.833333333333	0.0698072630538257	-0.778204723125376	-0.291677940578127	-0.176804579619627	-0.684953261097555	-0.0786010998320343	-0.284789655317792	0.166674895568274	-0.170505324111158	0.417454098212944
113.033333333333	58.7333333333333	-0.0783867285005711	-0.475628712775495	0.193755031886848	-0.0221189907848057	0.0333500577899426	0.187575755958536	-0.206460633033609	-0.541816979044684	-0.111858523940761	0.178142683780235
113.455357142857	140.491071428571	-0.00438464525075332	-0.314404290258382	-0.169010809508278	0.106307005945435	0.262110903971159	0.228808741534302	-0.0881871241693913	0.33732100415705	-0.0218845146845843	0.0070623182405829
105.5	298.5	-0.133495682975426	-0.162054460925393	0.246977616880462	-0.0252618922888523	0.052779281920387	0.495972021309129	0.647034880511541	0.341309493147445	0.334948805514607	-0.275089582517807
118.98	415.34	0.209478979579677	0.452085018002911	0.38911726573591	-0.0861754417028152	-0.57486037418119	0.561752912211762	0.644584458421561	0.0451911407243642	-0.595021172087182	-0.37899897451316
116.833333333333	444	0.151566469093988	-0.501009574675959	-0.0223323067150403	-0.349635111793082	-0.411256264023429	-0.530091681011857	-0.229818218830313	0.100133418793432	-0.37914177910339	0.24904644323676
128.416666666667	322.166666666667	-0.175689397483143	-0.326210224874214	0.0396205355841751	-0.345176890251835	0.271988112302853	0.35187295356642	-0.445459242764499	-0.226113422374953	0.383813726702411	-0.046754740389677
127.371428571429	90.7571428571429	-0.320355530083695	-0.499705042440292	-0.0154983984048737	-0.322667763064893	0.161580918530531	0.445713962376589	-0.132676106996752	-0.222503713623381	-0.114550708955898	-0.648366375851454
135.128571428571	366.957142857143	0.125452436440305	0.464387179116528	0.0620618461235695	0.0582244801303162	-0.264309584127533	0.292406022410357	-0.402183405337013	-0.16604899726253	-0.0956059969791224	-0.141099043918053
138.630952380952	176.27380952381	-0.697457614638886	-0.0812320682138696	-0.180324259741025	-0.521829141186276	0.744184674572664	0.260104594644783	0.108908404344926	0.616924122976193	-0.762885426102865	-0.14603670309632
138.916666666667	279.166666666667	-0.316966510388594	-0.0779424178014623	-0.0743725739663874	0.0912753089837022	0.341969717056457	-0.144733167568958	-0.519195201372259	-0.432176655797311	-0.43850069548486	0.624174189285342
139.76	401.38	0.162351907929044	0.197257266231806	-0.194605347558545	-0.0716674754921496	-0.107792057691347	0.362157175393718	-0.50030617166931	0.603303731041695	-0.220750758200691	0.153047881440885
140.1	458.1	-0.0112602045603829	-0.290466360138876	0.21667419057393	0.230744840714729	0.300238485706458	0.0102392673539002	-0.583010211632263	-0.369969427715569	-0.0185304277893124	-0.214130124002844
152.25	101.9	-0.0490444491652653	-0.485780373438025	-0.0703718987960593	0.615187852472606	-0.196663857424147	-0.133915489226295	0.484884895784787	0.0457283938520238	-0.305341889813171	-0.191088709600727
144.275	234.9875	0.0256856692815226	0.301350886328428	-0.379063518334824	0.0886786288711519	-0.337735119950363	-0.475427937383425	-0.429622045661189	-0.653169511033279	0.0723582730730725	-0.364999963926133
150.1	339.925	-0.139574450090565	-0.152222543291493	-0.110370312979847	0.226908034541909	0.828825507496136	-0.3601432302065	0.159906275099705	-0.0476072057420013	-0.547470321978242	-0.268999638181582
163.166666666667	484	0.435748697276571	0.137597089765018	-0.135056616867783	-0.113505369261284	0.461103459216523	0.143153663910865	-0.402782834876592	-0.514038000849938	0.60732901682933	0.630702128410447
151.877142857143	132.968571428571	0.0654996908322324	-0.440898995359167	0.0189762914297274	-0.580969386540646	-0.448222104422957	0.262212681663318	-0.124301437872026	-0.160860812635877	-0.110445014488078	0.489534313176302
154.342857142857	428.957142857143	0.235774652337147	0.0116717830983987	-0.271553614225766	-0.1647521130184	0.0379874754466736	0.011221070469602	-0.201461191081947	0.0970539974328912	-0.612816801323872	0.0740634851645095
167.120408163265	54.5163265306122	0.246609824541411	-0.128365371945856	0.0687380688514563	-0.070787566436689	0.320415643819302	0.248764975611414	0.137765683151127	-0.126826820928446	-0.1986070838096	-0.239635471222785
162.94	197.48	-0.323324807065871	0.227954133053497	0.142045632956196	0.458802045020046	-0.171765790399526	-0.430409537667525	-0.177095529807929	0.295796038589202	0.189947625035419	0.364946334924263
163.566666666667	315.783333333333	-0.0674676549974684	0.591081740335755	0.0890640397903812	-0.0297782144156596	-0.173317272909358	-0.338620739460745	-0.218560220701438	-0.137453753971625	0.127152449791959	0.0396120489611912
182.625	155.875	0.394201338670075	0.180585920419764	0.135871784439011	0.399272566772137	0.202873815669001	0.0972435590823549	-0.118936740019782	0.358949202095878	0.072699291505012	0.219097056929511
172.983333333333	355.533333333333	-0.230928122112671	-0.31595387867205	-0.142824050887021	0.0315053055502349	-0.234640110439979	-0.0949971249947233	-0.0441516146285575	-0.397557524637723	0.58636715383209	0.0465102136805323
174.083333333333	284.75	-0.342093942683901	0.502263555728537	-0.0797399593453492	0.0759623838472047	-0.068516958340867	-0.820196841778257	-0.0272639328714831	-0.0394762468490453	0.487904985284594	0.301701726186753
169.916666666667	396	-0.190717313496842	0.123307328176285	0.0412352465280416	-0.385368600239748	-0.248007614786062	0.0954175009903236	0.164920907792126	0.518310813983078	0.144102786929675	0.508604163767208
171.4	456.2	0.0437925925925927	0.0365629629629629	-0.332598258012758	0.0281853157810995	-0.00120993014670655	-0.549919997030197	0.621807423752307	-0.504767888534663	0.225066610483349	-0.107164783960824
190.816666666667	83.1166666666667	0.216696248894377	-0.325145289302314	-0.385950926454206	-0.0842529487432278	-0.14052772961588	0.196070098077378	-0.155439079286845	-0.323989367550531	0.0607782692175374	0.640060058580037
181.416666666667	116.233333333333	-0.0954619464285574	0.0110883650813055	-0.271952081808467	0.154173133539681	-0.308027234610711	0.0339438438702686	0.162456923244914	0.591689409750622	0.608868100108624	0.401303031847843
188.528571428571	243.485714285714	-0.488815689359301	0.252680249939716	-0.0805807812473667	0.145771932506343	0.217584493850245	-0.283617832452599	0.161392558133805	-0.00036626407377857	-0.352736571406925	-0.0261805543137407
194.8	193.3	-0.0117397317551702	-0.0187835708082727	0.292441736162322	-0.589370513496031	-0.242619098838202	0.454029314890242	0.668834677423452	0.100196899986902	-0.307660577616645	-0.45260772638659
187.333333333333	428.333333333333	-0.522430367266453	-0.00825733300468317	-0.265472919350242	0.0507434239258544	0.269467192046924	-0.131964399526141	0.181302042030811	-0.253310234429647	-0.561434103542783	0.180581353671895
196.25	467.333333333333	-0.328883844629275	-0.188030423661342	0.0117516782099846	-0.0280568678639199	-0.0504670484000438	-0.411991924239448	-0.0261419944877153	-0.479948051474711	-0.0717973546049802	0.0160025047426517
201.357142857143	325	0.166772227060407	0.0124693215105693	0.239081721891148	-0.0268398189794761	-0.0257336288366764	0.0444366929065767	0.433880021968996	0.224812728473192	0.583687000948002	0.153196263625658
202.125	358.75	-0.132672446547615	-0.220648682256226	0.272017739285215	0.382115265126746	-0.873835844410797	0.235728395755057	0.138365542744879	-0.317670891321541	0.310997600992758	0.62005822411411
211.285714285714	393.071428571429	0.097135861335739	0.0371468152968846	-0.293015773743974	0.0319905039722501	-0.326007040960216	0.288856961954179	0.263807489756188	-0.249225328917945	-0.151083545330076	-0.253508339539235
209.68	132.64	0.0485686179039519	-0.113274441805698	-0.335400285329733	-0.437514133829002	0.469287987557356	-0.0798008864077154	0.0512306784579653	0.71512593755368	-0.0605126648053076	0.220387907278684
210.416666666667	289.25	0.0867125892217063	-0.102577689118848	0.198660609877681	0.0164053786260477	-0.338473568877016	-0.06405764420785	0.446147029861216	-0.474980934110668	-0.363645202579999	0.757719854267874
220.64	217.28	-0.0382165152153927	-0.197089494242481	0.131901553148817	0.0461365969458367	0.0875233256084279	0.524716948821582	-0.790584566419886	-0.306991043733535	0.339976020940467	-0.122776191552395
208.58	107.94	0.0121419828641374	0.343198694410445	0.574026478193718	0.223821300894549	-0.330486535387649	0.414793249424438	-0.0680069538389093	-0.10402085591869	-0.0695562468923149	0.136931584307001
213.9	436.5	-0.375878682568517	0.0248795513782481	-0.0771719294473638	-0.0540479315006722	-0.444245775075701	-0.335728802444956	-0.178845962942358	0.719861658051221	0.664069865893501	0.341125359249267
237.611111111111	60.7222222222222	0.130369402350498	0.317361999982098	-0.231917909333369	0.121947021166076	0.111145932640316	-0.11332111163774	-0.110549589707106	-0.364276304978803	-0.20405474244516	-0.0325559363475794
221.85	90.925	0.13968274553032	0.250063957840878	0.560903329214164	-0.179720460077397	0.576268089254421	-0.346925747339314	0.357185839779628	0.333625715111534	0.766188120592686	0.0216144392540489
235.471428571429	253.728571428571	0.14209870921811	-0.550976954096868	-0.130936148605196	-0.310794786401299	-0.125561520871596	-0.236383559340692	-0.219412756828719	-0.165328749786827	-0.516330216215261	0.0619547014978865
221.9	473.1	-0.5020063534526	-0.18742685169704	0.07033210160119	-0.0979436736947076	0.474947886519835	-0.257151913130135	0.448996301700653	0.279789997919595	-0.676470772218565	0.379677556528984
234.95	178.65	0.439963022563084	0.0217413633717943	0.207726254646949	-0.237822820367675	0.513383276138887	0.15380550886551	0.642485603559605	0.0872071288410865	0.744234719331983	0.339145430601367
237.983333333333	146.45	0.251062140992167	-0.433591644908616	-0.071456634043743	0.268294097438369	-0.362031610142979	-0.21211103734802	0.396342725293064	0.324988787145382	0.160545188723899	0.0408101697256632
230.916666666667	350.166666666667	-0.275816721136444	-0.258225804351506	0.248911129475499	-0.0610046067538885	0.180133600993026	0.568704184792597	-0.218566867445184	0.0133577519680115	0.0196271957911726	0.0427035586823349
236.3	315.8	0.0725035451260236	0.522665934769681	0.363133840505955	0.174412039231383	0.247251450038325	0.10757453537196	-0.0470364756267466	0.151965076791889	0.139630140318926	0.84567713923375
239.383333333333	111.15	0.0427859268641166	-0.526327545436962	-0.262755229991202	0.0222824981952292	-0.456010846494575	0.371480204527382	-0.394468947725342	0.151755409455418	0.32391347893297	0.165272562175059
241.5	483.5	-0.239153071850052	-0.217979868101354	0.286620495594442	0.720925160373093	-0.698728256192134	0.181822436038947	0.230976107521965	-0.612337773755983	0.0187009598045365	0.659751963345119
251.833333333333	375.333333333333	0.133977619532045	-0.447507629704985	0.0431320544046703	0.000872278755689877	-0.0728190314162438	-0.132548493622701	-0.103335515512467	-0.569819989232835	0.25100219517829	0.427904527020441
239.8	450	-0.432307232516437	0.262813807531381	0.451705125529011	0.211195306097615	0.442087257650429	-0.840944076048934	-0.800193012594319	-0.120420811556473	0.165519597591044	0.899344999571556
250.242857142857	296.042857142857	-0.0976804685517849	0.637252344486095	-0.241760357986578	-0.137088994874111	-0.345651364465285	-0.156413914367305	0.368539087534698	0.0162089700081535	0.333034986377424	0.0516231511384054
253.083333333333	418.333333333333	-0.211323708643394	0.398371003061801	-0.271488340762277	-0.287661000810434	0.0948686268387525	-0.31632665979772	0.598827606797473	-0.10777156734971	0.205104570807511	-0.0546704916255773
266.26	260.22	0.319281877511947	-0.531454707075619	0.096381653259008	0.410766973346344	0.095854293973462	-0.800364369369103	0.336929794114813	0.507360532909123	-0.698478052233678	-0.600285918361702
265.4	204.05	-0.107081320676763	-0.526234500206579	0.108227428083178	-0.151094637842727	0.0743407052148929	0.289172675699546	0.11392397451337	-0.240084564318747	0.227621720797263	-0.0298933171382024
277.375	33.125	0.604806991988347	-0.121340131099781	-0.540982647577361	-0.314897256841262	0.807447458038789	0.20695311672736	-0.767364420538338	-0.262107742210182	0.858987902364538	0.396150507935576
263.416666666667	339.25	-0.161997684802381	0.218190838432281	0.0731291736460871	0.056537555255744	0.359536235669269	0.0574450231723087	0.55151446724012	-0.103177774910782	0.158165774074037	0.790427882218862
267.948979591837	465.755102040816	-0.272991103760952	-0.207804600450617	0.293836071328549	-0.276043942996896	0.295379037415313	-0.0560722950115132	-0.530213465472197	-0.105053526545846	0.219446091604425	-0.31901686007579
281.171428571429	155.871428571429	-0.0658631871035179	-0.272166478501532	-0.195518336667531	-0.134649620497244	0.135620695668275	0.33847475690557	-0.208899370237952	0.581900437959149	0.136734367714465	-0.13931002856945
274.428571428571	108.785714285714	-0.369857948417712	-0.131728961883339	0.123696030453404	0.00944544714313784	0.0945701034843735	0.378442134250265	-0.334379104440248	-0.10035072187834	0.0830585898464298	-0.740569688770056
278.6	392.1	-0.228786562409499	0.0446713003185635	-0.310701038840748	0.0343120281960765	-0.0732311158081378	-0.0269595052573697	-0.679279560371977	0.0584817461619157	0.255090377386	-0.0454161798519802
282.9	284.7	-0.458752921487722	-0.00337594136826638	-0.352373556534852	0.0441280920672806	0.351826883814349	0.510284681258549	0.25596717151362	-0.425172905087561	-0.180678373220754	-0.221682293784799
290.7	220.483333333333	-0.0019280147404431	-0.758086591039458	-0.0943289321784875	-0.160100732761768	-0.403551093691013	-0.277987359273383	-0.243930860944618	0.296983800402933	-0.514808648056034	0.282896811401107
283.28	322.64	-0.105556088871823	0.366264546201189	-0.230397492329622	0.11440261280887	0.198194006211883	0.130916601306751	-0.237458940758778	0.476498096902164	-0.289998559618877	0.223843268466819
284.328571428571	427.657142857143	-0.382438851850176	-0.398169771200835	-0.12044236813335	-0.290847943131163	-0.124066023446998	-0.150820399688004	0.432803972030563	0.474938998607773	-0.411107873348214	0.664541500549045
295.8125	354.3125	0.144038762023538	-0.53557247093565	-0.113196014381672	-0.0307818336660617	-0.162155340708852	-0.473345823448898	0.110283178563393	0.190552177968013	-0.362934412852711	-0.0740798067534848
298.75	481.125	0.157434746663517	0.0959017361521201	-0.150762661443434	0.238669394804222	-0.292649761527727	-0.842878802996798	-0.150609686019309	0.0746730270402604	0.0573222706406249	-0.566134997426539
297.916666666667	57.6666666666667	0.0999943300096391	-0.553229059510599	0.470742621938803	-0.131084203232226	-0.189707415679232	-0.0219622445067758	0.0131072437801467	-0.757429069204347	-0.0221770402500613	0.0760116303513169
306.58	180.1	0.30566026209725	-0.357742337216616	-0.135319948988034	-0.256440807832385	0.040923629847455	-0.521139665514386	-0.694502068486196	-0.491666010105662	-0.345914211760809	-0.277668748067355
314.1	79.9	0.100359532369819	-0.651301221457654	-0.148276824127775	0.0548249913071811	-0.263446585247284	-0.0390785019500068	-0.0516334153676467	-0.218883950231053	0.156943196840609	-0.0882845960304579
317.3125	231.6875	-0.0114057741731751	-0.839268629743808	0.0198432673514188	0.107851823864834	-0.714001753082491	-0.175053960134399	0.161991559244337	-0.0516790663709844	-0.241814424761796	0.617647946323431
306.857142857143	446.714285714286	-0.355875881639284	0.0171187102876768	-0.367902623410861	0.478073240744806	-0.126241172640098	-0.12473302927815	0.080455462967578	0.0236810133371565	0.426085597764962	0.0943267621728689
307.75	314.833333333333	-0.108030141440985	0.307988181198315	0.0746752051878305	-0.304213664375135	0.0670408734366053	0.0350073062188301	0.336038854724053	-0.122210345856537	0.49402530729124	0.0822072435691898
317.214285714286	115.142857142857	0.294717375572887	-0.361212511055721	0.0526016315708742	0.0577781688652879	-0.175869098616191	-0.168798180919232	0.285145740489498	-0.178740056342472	-0.505782560266993	0.0482313186295299
314.833333333333	275.166666666667	-0.133970412570063	-0.290177340806763	0.168138718854764	-0.255352266804885	-0.280137241513781	0.371514031243797	0.115419565961563	-0.244000754355603	-0.185025892341189	0.39182034650371
309.285714285714	395.785714285714	-0.246517127970142	0.233029082443369	0.382288723011897	0.22579269157182	-0.486966103818459	-0.323043062136637	-0.491766546337526	0.170823671583362	0.417245550248435	0.236770683864482
327.62	361.44	0.252497232982845	-0.347255464858882	-0.107199545304409	0.122362392975265	0.388178056976118	-0.45557774787312	-0.10782943314921	0.786023346922364	-0.0240645666961493	-0.666421561654428
322.54	149.92	0.0150108786337092	0.306635148620131	-0.0485291579437576	0.2610599019216	-0.45790700797029	0.383007183497845	0.581077042888607	-0.0799815263151354	-0.523397425268111	-0.428688187423659
331.25	297.75	0.00575332614167574	-0.209636821287307	0.110702022612941	0.123521975153407	0.896819909082921	0.100637850058217	0.0877681457123899	-0.0744198155283472	0.0755147165851587	-0.538684068369092
334.85	477.883333333333	0.183008994137218	-0.0329966559168145	0.409446689130189	0.528768577050874	-0.30728584413443	0.770824096468886	-0.053900601078347	0.308131134881327	-0.182404956015555	0.753743403062926
335.916666666667	181	-0.298303201044184	-0.602163321745648	-0.0126568558743791	-0.00640530147404595	-0.448513645803207	-0.0232580772767023	-0.131768784025816	-0.271990224873042	-0.0921057789105635	0.446675162262326
337.266666666667	326.366666666667	-0.128844524660208	-0.526161184574017	-0.126971939308297	-0.0618672144697105	-0.131522501982128	0.131272482823673	0.397905339674684	-0.0462153837589747	0.354662459572774	-0.40569946757592
342	242	-0.143883456395929	-0.568150069846338	-0.168668911427309	0.271704471045192	0.0202331249001162	-0.233350598590871	0.173268641963938	-0.158007833018445	-0.742092722706561	-0.360764972135713
342.285714285714	432.428571428571	-0.348706573716656	0.0356484415509593	0.520898795364323	-0.192253843114716	-0.166688273871136	0.390742365905752	-0.288934052614498	-0.127767801208393	0.6686105806318	-0.264550244311923
349.833333333333	83.75	0.0589880303007023	-0.232694642061431	-0.204934973668161	0.403460403152373	-0.0541697172989235	-0.200596643504417	-0.100842256746309	0.787688030673545	0.146522435206962	-0.378477096951955
350.75	386.5	0.077945370615389	-0.245097174443562	0.115118448939051	0.0355503204158914	0.0437877352323773	0.104222280200692	0.0650139378990936	-0.146591751353985	-0.0702733450544129	0.810741944831785
348.166666666667	49.3333333333333	0.435588251562586	-0.0387189556944521	0.00670847641607251	-0.161901491792938	0.502365591321773	-0.177306705223043	0.139247422241187	-0.669938388928416	0.273428527729597	-0.690218912845476
351.8	144.016666666667	-0.104771046055571	0.427472109203786	0.311130571195886	-0.159248476430997	-0.159863932951801	-0.273575828905887	-0.0237235364200925	-0.237633937707602	-0.0972868123419653	0.172889195250199
345.8	274.1	-0.334073486650806	0.36172349986783	-0.0549189840114538	0.122083098203909	0.293784816073586	-0.16758453804352	0.341571976355222	0.371789194592096	-0.368271567648778	0.323114866745073
364.916666666667	118.333333333333	0.0579323951966799	0.690108743720872	-0.151751310249809	0.109730027047169	-0.269549694358043	0.148667747348339	-0.047004996978583	-0.2420055426045	-0.357913825059929	-0.284453228288209
362.55	181.85	-0.191780002094648	-0.547765459251612	0.534359344677875	0.335476566839738	-0.36372601190652	0.264467567706758	0.0627144256394281	-0.646932184540578	0.286477879699439	0.264888339990794
362.516666666667	343.866666666667	-0.417656703299762	-0.0864723466129266	-0.358815839290762	0.491230649013266	0.377740326455534	0.137483942404013	0.470838713021619	-0.397632611107777	-0.124725018591153	-0.205514727330228
364.7	209.6	0.198272511336644	-0.396545022673289	-0.313762469710287	-0.0966434258249477	0.130048301732117	0.30275437314463	0.282372715241845	0.670307360593008	0.743534217146134	0.069165412030946
367.45	467.183333333333	-0.331635952779834	0.36500954533058	-0.100302070936459	-0.242383189946086	0.198188467402045	-0.393183881575218	-0.239897849814121	-0.282681906404728	-0.0664979355156307	0.570173043845215
382.55	246	-0.256106237147327	-0.364047164569575	-0.161620326498373	-0.183077012422576	-0.028044705396076	0.169842480534135	-0.228065121554329	0.184171434625804	0.107502817303473	-0.0323356966478425
372.5	407	0.168584969532837	-0.58993455201986	0.277713375533745	-0.31776024980546	0.177238403206444	-0.126613726721166	-0.401290394507531	-0.620319989102573	0.116201860427959	-0.731114696310045
369.916666666667	298.333333333333	-0.0614907200600873	-0.246279129523847	0.0633534986807074	-0.459505470525571	0.269268140319337	-0.019164894851003	-0.49889919264434	0.0871355697920397	0.267791313709382	0.0524551842064997
397.5	423	0.0169475655430712	-0.389419475655431	-0.176754161123916	0.0855700082734633	0.121354247483277	-0.376255134703856	0.189186060469378	-0.055092453147667	0.140344677901528	-0.491618338387947
381.6	97.7	0.1129442738043	0.0758227292672225	-0.0492196806491461	-0.752499080269345	0.683940249300616	-0.077982848723981	0.335516272350801	0.286231239291341	-0.445646845146915	0.205865879919758
381.5	65.2727272727273	-0.177534849672124	-0.327786684950715	-0.0816544054210403	-0.258084915035807	-0.475715723009804	-0.194535895705073	-0.58233100664617	-0.300472005053555	-0.125016581852486	0.602559824387106
386.216666666667	151.433333333333	0.0594197352435229	-0.102261538975973	0.241119491990457	0.0296758057394552	0.0241301689794306	-0.014427300631819	-0.319208233136924	0.450350018218022	-0.569802838771566	-0.403113583634536
391	319	-0.32676888451259	-0.200450133633423	0.189123590633619	-0.113490454625001	0.158049649041997	0.65076574310808	-0.857577676286494	-0.0254667759436525	0.225349270322045	-0.58963323689684
394.957142857143	367.485714285714	-0.34568813369784	-0.372072585412492	-0.547185861224788	-0.259865671191658	-0.315306033494502	0.266980845568099	0.14531391800339	0.487449621966918	0.34802032138131	0.342614845596901
394.875	30.2159090909091	-0.213040674496154	-0.116458623503004	-0.169825646478259	0.54999146653648	-0.700212901607958	-0.344203023864853	0.304344801206163	-0.295727016675738	-0.0268265630555813	0.218365760477724
405.6	187.2	0.187936598782213	-0.0339454062733503	0.186261846319334	-0.127884942175622	0.135737347110531	0.0399132684009586	-0.0495120307396814	-0.134445862597641	-0.42764632471876	0.290314733205375
402.4	479.5	-0.062746761510099	0.295298071589389	-0.253232437627055	0.151264412114795	-0.66261001857021	-0.200500739018275	0.247334532161604	0.483785970947486	0.36707996382918	-0.689169762832241
404.571428571429	116.285714285714	-0.305574138024553	-0.500876891645121	-0.118786566222489	0.216886356833909	-0.115168933579366	0.187851692923798	0.232834577989376	0.168047857108724	-0.131477231960121	0.159303340846271
405.833333333333	278.666666666667	0.127694706907623	-0.434730758645996	-0.102650063809088	-0.0493999043602859	-0.0656369688697826	0.0708483832495403	0.354283598684775	0.518845869252709	0.680930295770545	0.196507910502507
414.725	246.625	-0.0781150970879186	-0.422987542947366	0.657048981290437	0.437267336500968	-0.710085457683664	-0.124733784697404	0.291003954437998	-0.679597045995124	0.149283237656789	0.9318476202623
409.1	73.4727272727273	-0.546981732702559	-0.414152537154393	-0.237383462833744	0.0792345522725486	-0.0833122311329179	0.112856063944079	-0.102210960255488	0.266054889192053	0.0818278034698593	0.521652443592817
432.15	365.966666666667	-0.122373869080388	-0.265711159408609	0.666516868707131	0.360111600748976	-0.186276517237488	-0.15869886461206	0.0820445516868058	-0.572480817045003	-0.0217405068781095	0.44973627569012
429	147.142857142857	0.101096266439653	0.0609287861151167	-0.28669948995745	0.00449379956251995	-0.0741795385313609	-0.442823907870539	-0.0121118083257134	-0.0337502620615276	-0.0188121355756028	0.293574495712775
431.914285714286	307.5	-0.230056852594892	-0.528973796940883	-0.0152608020953095	-0.261766105750934	-0.139140370828145	0.303556712115238	-0.060373905958559	0.107217352523444	0.253438553380162	0.130250667463541
435.871428571429	215.842857142857	0.299929112835105	-0.447065257224195	-0.0777037109564029	0.0402132456443848	0.130038260302691	-0.215286289057722	-0.148576290957793	0.095718510795953	-0.29487374095136	-0.222973179959582
436	468	0.149740394600208	-0.313811007268951	0.610588051752661	-0.151313544779165	-0.372056901682735	0.671886858584698	-0.0381831067253385	-0.890051051493108	0.698940196489766	0.291195180405276
436.75	69.1666666666667	-0.291327610693773	-0.520182576616973	0.319419028020005	0.233708757211116	-0.436413604408472	0.389920194224165	0.0582357221129149	-0.463087787368829	0.391653055794499	0.0812062357356832
438.75	435.375	-0.245376625102434	-0.668246550463999	0.087246060015102	0.168464264074477	-0.632413194198231	-0.161019106220916	0.247438696963977	-0.270431421856508	-0.330831651413661	0.868731864969789
443.166666666667	103.833333333333	-0.0603015075376885	-0.468784600970957	-0.0756407039069543	-0.0370030428598256	-0.127552143465737	0.184379102704835	0.467124957062605	0.0878721458887532	-0.183569510982355	0.450278061165247
443.5	400	0.0389359129383312	0.101088270858525	-0.747878245015803	-0.00685356349580326	-0.165512187767468	0.668504693062789	-0.0794331614775489	-0.212002134702269	0.420114197525167	0.0347859527699166
444.233333333333	251.216666666667	-0.187510388740677	-0.13621825844351	-0.181928855523709	-0.123024700095689	0.139016158470259	0.268393843258556	0.288355606244649	-0.328316192522627	0.339276061651863	-0.734758751280656
465.940476190476	330.764285714286	-0.264556483298104	-0.0583787795343299	-0.539938906472615	0.390091549424593	0.548556694654488	-0.0343410320032379	-0.176629808777345	0.17154991130417	0.201369301370718	-0.47966229777333
448.1	179.6	-0.444677306679564	-0.151324627868236	-0.0805458321474854	-0.445996036498638	-0.0799787857514525	-0.286233560013358	-0.0694836760513897	0.0640131706662478	-0.151604464810051	0.733733173176608
463.571428571429	439.285714285714	-0.372469388998315	-0.482364407984243	0.136359426872931	0.276146304575162	-0.0717248541073617	0.119859933878015	0.0473823666216698	-0.0909948694592228	-0.177232097293285	-0.0663534997433276
466	122.02	0.284051294470132	-0.560082900153748	0.117413152383879	-0.0163443492956818	-0.266965618275133	-0.717563031626687	-0.361534701192443	-0.4087028836468	-0.790892130740268	-0.210759689783544
463.5	149.9	0.0333821682712431	-0.323357053160318	-0.181234923206911	-0.0572083164662837	-0.582535393561154	0.13879175238959	0.384549423714038	0.644835239586106	0.133141181100636	0.518815502511169
470.053846153846	35.9538461538462	0.408392303246103	-0.363298432322484	-0.0738795981661875	-0.361033502905498	-0.468795351980891	-0.236273095967535	-0.792783743600752	0.044215131388396	-0.650759131212443	0.450254585462517
475	65.5	0.16979580649582	-0.576812388652871	-0.00888288611672283	-0.0943209033750802	-0.747500841881231	-0.13539671891576	-0.0237286607029949	-0.0671420912893814	-0.279625984701814	0.428783794596517
473.583333333333	177.25	-0.314101690957561	-0.623163588955264	0.351128823685241	0.0954272011497663	-0.453749620010135	0.632543256627147	-0.179652967388534	-0.365568873075161	0.65037509494641	0.194186127437617
476.95	213.15	-0.180711982012229	-0.527515795256845	-0.402054832206136	-0.320654497544823	-0.251603489602409	0.276940053102908	-0.214858837583328	0.400657418131688	0.172284768045701	-0.0618593852565436
477.577551020408	266.540816326531	-0.503564446474484	-0.261266251772149	-0.00866723039427722	0.0130673002535349	0.294312600442083	0.350856774146697	0.0154250812156461	0.148230476530541	-0.0545294741685238	-0.287537477090816
472.328571428571	381.6	-0.601027771588008	-0.230136560978263	0.203044905874751	-0.28052489166163	0.446868525354122	0.485773861490584	-0.4517234951266	0.197010989929956	-0.177250876439606	-0.579349142203018
481.5	94.32	0.367714849393498	0.195278489514664	-0.287087292081752	0.166903475928842	-0.0295542292328281	0.575666532177744	0.289750727193857	-0.219833096304417	-0.353993286704851	0.35971271508535
485.535714285714	411.803571428571	-0.0342201962841685	-0.0927406742492044	0.146739791890468	0.762717191908167	0.635674240629631	0.385882471058152	0.181967990053896	-0.109958953628728	-0.546477664169234	0.0580260991246551
