24.55	407.475	0.0983672531814219	0.177935406808472	0.48159771757865	-0.520136624952408	-0.740638746028804	0.294253973466092	0.374150413364521	0.0923285309876896	-0.309933061541839	-0.718004972615464
37.84	86.38	0.26045348040806	-0.0324905374716124	0.0330795949844198	0.648214716379644	-0.191142443048724	-0.78672384899598	0.219672681974132	0.786581484687857	-0.564699025391987	-0.385798858100536
35.25	113.5	0.206360159003976	0.359368984224605	-0.425151361615071	-0.672213071139655	-0.282135104142191	0.744449558544961	0.337893136431908	-0.640265258581418	-0.728472184709324	0.524099968113966
37.9	384.4	0.256204586203642	-0.350382183636878	-0.669661452810047	0.425738244049022	0.436317045350977	-0.543962276669397	-0.317987056934276	0.872661942582815	0.127079832341326	-0.915532195545008
26.4	282.6	-0.030114394276244	0.0574396701564332	0.233628143972762	-0.543881417525161	0.40622652590546	0.252611488031228	-0.622550710667037	0.254272835653796	-0.400149535623156	-0.287082561474105
31.4	249.7	0.106572365016388	0.0183543212006211	-0.0327148775185251	-0.317487889738135	-0.217175384625769	-0.639007542490888	-0.16813103126358	-0.813079826451095	-0.168362637776869	-0.193242297236842
47.4857142857143	215.457142857143	0.144022632525495	0.339048836166694	-0.0996280137205146	-0.0105163737084413	-0.195547709387252	0.17009851333583	0.0508265208457577	-0.353981807325169	-0.335642081456323	0.626886139516105
32.52	435.12	-0.0108509753953709	0.37194656618584	-0.217217360193451	-0.00727856824618173	0.332182728693667	0.127799606585405	0.576264218736462	0.288200300955467	-0.113033686224783	0.543571734219121
58.28	303.64	0.444998149610866	-0.0863419187706788	-0.313307642140274	-0.0719405586220984	0.489940543615825	-0.637211687784128	-0.226054558358838	0.503135526023384	0.385378698989257	-0.705589198794502
43.16	146.72	-0.107998585620026	-0.267928934077884	0.489273647995243	0.0117085979735943	0.564763845162171	0.202212471517339	0.028237641858745	0.209777828520836	0.247806578947675	-0.540915014865061
50.4	52.5072727272727	-0.130835586588601	-0.116724111899398	0.05860970611112	0.0296223474638665	-0.185919207856414	-0.545753041851999	-0.396994051219225	0.656259428286189	-0.136539233318535	0.329151690053475
60.9166666666667	172.916666666667	-0.010822203757372	-0.443609022556391	-0.561699314517801	0.138281280409255	-0.0758235798695766	0.0387829957571247	0.235918119903805	0.657069499495253	0.0382505819737351	0.0604324889600502
63.0174603174603	462.885714285714	0.299584439501634	0.133730909615507	0.101212530257416	0.392718007357768	0.432922858012367	0.312568945811196	-0.183685690262885	0.501699779410443	-0.0677040833942394	0.111562938521568
57.7	415.814285714286	-0.150410780947758	0.241823995888622	0.0536289413157931	-0.415020953096098	0.249858228275856	-0.366028960421638	0.0643403845608708	0.049445461986278	-0.0238176223838956	0.109853617254723
63.1666666666667	264	-0.329004479322199	-0.132712941421577	0.0958243036739509	0.459284728956819	0.175979359285081	-0.139108369568158	0.413640930437983	-0.726241674908384	0.0816842840564396	0.174503204087252
74.5	128.625	-0.0306839102837938	0.668784188898508	0.452384772596769	0.02890238435728	-0.408570269201688	-0.288925641394357	-0.269338113274965	0.676002385236464	0.528038092072484	-0.202192603276437
76.5666666666667	383.116666666667	0.310299994861954	0.0110892433892338	-0.0674579556170223	-0.0825995262243398	0.432702970747047	0.213016607849914	0.443135591232744	0.0422168578889455	-0.337511021265217	-0.0659839178013432
75.8030303030303	93.9242424242424	-0.145962396227052	0.678825693834706	-0.162467340332729	0.0302102178748919	-0.210322546065353	-0.405758630763406	0.0559508872365388	-0.289851682959814	0.174667512148467	0.275423482664801
88.6666666666667	201.833333333333	0.240132367752146	-0.113567694594983	0.303347051674627	-0.123086511504352	-0.0314052455003532	-0.212417665071281	-0.0173575756190328	-0.575158741348584	0.481965781538115	0.382270496957751
88.8636363636364	60.9363636363636	-0.0549290714892798	0.300409233458678	0.162921284091744	-0.370230852868116	0.0469518330576358	-0.320435892167134	0.00597526311286106	0.838047551776964	0.105892184459916	-0.00722764208783436
97.65	320.533333333333	0.236811841616372	-0.254091844829837	0.0579175172310309	0.0368579747725973	0.0110073245967414	-0.245171444312297	-0.436032189901626	0.279826286146524	0.401876778071716	-0.5957644440739
95.9285714285714	239.714285714286	0.261137832191615	0.412346758651962	-0.00196175994430443	-0.24416385595307	-0.00792130283954712	0.676119516620081	0.0866616907452459	-0.406658030189462	-0.423035682800902	0.0984779017155406
95.3444444444444	443.6	0.20632185287723	0.413586442754194	0.369653376227748	0.00726806304159019	-0.0347029568112192	-0.0602390892168911	-0.44977133565758	0.588625838630924	0.458965544450116	-0.033913603873156
96.38	169.24	-0.132888731855254	0.370163118687984	0.0229240852465198	0.296005903326914	-0.232565262848829	-0.256201201700969	0.463029295187257	0.0343072554156656	0.160013031788566	-0.0741684662707873
100.733333333333	282.2	0.00895167435667685	-0.190949513896449	-0.0857912213132428	0.298189354842009	-0.157573464298924	-0.0641697081781762	0.522719060638816	0.166951053615681	0.609305516262072	-0.304674311271026
98.8	414	0.129673408633219	0.487844030003211	-0.390499391912019	0.35346545781608	0.0551273390146914	0.013405121283738	-0.0382862096287398	-0.567900232556642	0.266534867688152	-0.0680147945599732
103.083333333333	356.333333333333	-0.0685446572385578	-0.178279011329538	-0.332965062038095	-0.372815612251146	0.0809189424151826	0.199432573597892	0.0765623806398051	0.285269365795575	-0.0600267384185106	-0.464382790735945
115.060606060606	129.545454545455	0.473598389523228	0.394194286745181	0.098262252949035	0.280599480200692	0.0956829047032268	0.357395930441003	-0.00409637614976218	0.139771582709107	0.266186509491056	0.0806606523280565
112.636363636364	97.0909090909091	-0.211710579897242	-0.0153862371516617	-0.0158605616091604	0.147102514082096	0.305642062085674	-0.0821585661436376	-0.263250274011491	-0.71471964662954	-0.583217536429539	0.539573081139869
118.92	155.46	0.228408470647797	0.428345186017261	0.133486547236151	-0.354591894152532	-0.224125176694778	0.458264310349753	-0.134395937369204	0.185190945552615	-0.716315142052307	-0.0837303295585657
126.3	214.5	0.391738141081743	-0.275978761888091	0.148045936539239	-0.262952007522318	0.114996425068081	-0.330174861734596	-0.586360393935037	0.0115639930645575	-0.141153670800735	-0.364168104632739
118.9	392.616666666667	-0.0263947074386919	0.470489128104499	-0.138455772697511	-0.274757775569028	0.185912159663052	-0.123651683637366	0.0864881893145244	0.0829980986485102	-0.506172191117915	0.402634681662851
129.826530612245	63.0510204081633	0.093532410970241	0.391304022184648	0.163814041408918	-0.146402421411292	-0.0932598137685978	-0.122112614329063	0.0761968108826126	0.0033596639332507	0.000198224200678779	-0.145453445711631
132.1	184.383333333333	0.413644706760252	-0.271329588905944	-0.11776418669782	0.195671218945453	-0.340477829442891	-0.311838368659568	-0.268852464739326	-0.0804349373419551	-0.685764237721012	-0.417645896585482
145.25	258.333333333333	0.484714578104998	-0.123498398050178	-0.1562282512983	-0.251518138412362	-0.151605931920679	-0.0062591840014711	-0.483306771588103	-0.651511487797805	-0.23092588332968	-0.0956650821995023
148.833333333333	362	0.39621145105695	-0.243418845133148	-0.121373481605581	-0.144815222015276	-0.0895413438960414	-0.21337592215756	-0.287053023211426	0.234203591327708	-0.27276013231243	-0.569654945870445
145.011111111111	297.533333333333	0.502162223634869	-0.269004385683542	0.093797588666693	-0.139676632722538	0.0741866160458558	-0.479326526191212	0.17816548838424	-0.0443148006732047	0.188803438283486	-0.280302509961867
137	330.2	0.426135719236343	0.0426627181652069	0.204029102856724	0.307438261309205	-0.139661435457558	0.488425014918785	-0.298612755559294	0.730936159991852	-0.414167988921288	0.6367668654132
137.125	236.625	0.518190481529234	-0.329446717865351	0.0311610283818534	0.419313409772909	0.178782577522089	0.239961432325988	0.472244063433958	0.63363762088518	0.30476124507822	0.593635091170642
134.871428571429	27.2571428571429	-0.240989327803348	-0.191705865493231	-0.508216134447123	-0.396088844213353	0.03504456898523	-0.374026594590786	0.702252943347284	0.274875876850853	-0.129807050812486	0.778891228416398
136.715909090909	116.443181818182	0.401081540411465	0.108484024561119	-0.141368411930754	-0.475223927179616	0.298754195017551	-0.65707773484844	-0.0149933993981949	-0.600020077185407	0.17986631034059	-0.51586558585388
141.342857142857	441.757142857143	-0.128577586781561	0.153256836089397	-0.158976375604915	-0.0636906899770095	-0.00115429165233522	-0.616503833260157	-0.0221787306838934	-0.633124920405119	-0.253628632659573	-0.0830101797644215
145.3	96.4	0.297646033129904	0.182970066841035	0.0436009241074315	0.396164823434207	-0.238759826079696	-0.0520032874224477	0.552803653030622	0.15789988506807	-0.435795282215068	-0.266761846547511
152.760606060606	153.395454545455	-0.137418016819131	0.135959550600927	0.0613716809309608	-0.0200003403758339	-0.224183851974966	-0.0489754213963809	-0.200000421237751	0.241261639120415	0.166326705691663	0.78660731351284
172.985714285714	405.685714285714	0.26764664164571	0.357071872586742	-0.147729301288446	-0.124016988772703	0.172390647073609	0.268416542148121	0.140986205716468	-0.35907091077719	-0.480578203349353	-0.0140664939141305
158.657142857143	41.3714285714286	-0.450103773359545	-0.273285772300031	-0.00326254787568657	0.0752863651179608	-0.278865362812574	-0.102051088950697	-0.42750778519034	0.341574476883535	0.268194355837612	0.699756993616888
162.265909090909	127.468181818182	0.16587378150972	0.0439109246577155	0.200345204938548	0.525384871813891	0.613263498405986	-0.537728870623642	0.0301524301271401	0.28468867036577	0.0522532628695358	0.0726748395872379
165.964285714286	77.1428571428571	-0.221802469110351	-0.0115528883767099	-0.0931391717654687	-0.135127455788779	0.292330326403051	-0.284504298443922	0.0796585719591316	-0.0758947689976899	-0.284785333640939	-0.618634998751055
174.428571428571	221.714285714286	-0.0514021732058039	0.0132572060641551	-0.116684686293058	-0.513221870043144	-0.360978566208124	-0.046246495472705	-0.00551057627144616	0.219206432293144	0.235501562730373	-0.151835976901799
171.8	179.4	-0.154971109782825	-0.063638174935246	-0.144076827230551	0.337931864315603	-0.814533675590933	0.0542770849677548	-0.115032319548993	-0.66604142373404	0.259444728280635	0.0132815078295145
181.171717171717	329.333333333333	-0.164433311082215	0.240801427462714	0.100817038427941	0.270167404763162	0.35846362118778	0.244207403626878	0.0826551344562079	-0.726415795160343	-0.85063812708617	-0.00977594613117038
181.885714285714	115.014285714286	0.0253292377794504	0.660019121625745	-0.217454930340008	0.0988005077346127	-0.449569203885359	0.0827788491237845	-0.304074616189747	-0.302643413447521	0.00143050336689577	-0.259738803191259
186.583333333333	457.983333333333	-0.397912602711022	0.274190410145629	-0.0186129348659398	0.498889949380252	0.310098060652424	-0.55309677270076	-0.159526134404705	-0.0480304988668677	-0.167620959513301	0.185040902922655
183.033333333333	147.85	-0.09615699032016	0.0642416061239978	0.0847187471402961	-0.0480737033999104	-0.234273186921155	-0.0050982909635052	-0.097242854815289	-0.419197171857707	-0.626610582725462	0.466372381512411
188.071428571429	43.1428571428571	-0.620469925740536	-0.0304611990186556	-0.0581075041080373	0.148019689095213	0.390769628366246	-0.087668702531842	0.184101087987449	0.121038920325531	-0.335139850396634	-0.0622769416387018
188.394444444444	263.816666666667	-0.360742800521637	-0.0862714351128416	0.318077339488869	0.18456262970937	-0.00330544803155938	0.227325365329149	-0.666727539049294	0.05697652815414	-0.324205734455945	-0.317539393797162
197.560606060606	374.5	-0.144283707967141	0.452344477277799	-0.0788863148753191	0.157722097987126	0.0361953696643265	-0.0813578901155195	0.0135480629574832	0.241298460580176	0.124500992945356	-0.421736533518282
199.714285714286	90.4285714285714	0.126275650774758	0.34968811302872	0.319938333929421	0.344337706726225	0.0580742476387136	-0.243446298778265	-0.403707991359499	0.504841767881822	0.482849907302552	-0.150597113117965
216.361111111111	298	0.101944090224568	-0.155707811576652	-0.082310438901579	-0.330584504257573	0.267448029227689	0.365023335125334	-0.745125533922126	-0.442340861768967	0.625664910659928	0.0721797660423849
200.083333333333	184	-0.593748944458831	0.0582320952069986	0.026557412120002	-0.170697731825811	-0.0114837397288296	-0.257492636893325	-0.207631886024029	0.105898229522867	0.0498342328489148	0.205858523966702
208.616666666667	224.566666666667	-0.0564394473318799	-0.268200589616629	0.297927005486911	0.14328894864735	0.04524718994357	0.0195116830580804	0.222920961942558	0.526829257842733	-0.509012890685575	-0.0910851488552328
207.18	440.24	-0.245524758642167	0.432742136406104	0.294501260307144	-0.302290033202106	-0.121057365243174	0.0396365982336105	-0.2535892823047	0.11810190841631	-0.29297325544969	-0.470322961069947
206.25	116.625	-0.204095259292232	0.26263075895838	-0.142729891562477	-0.493153473518593	-0.475418873003878	0.561940602148398	0.475113560568394	0.189164722870654	-0.43897904512861	-0.487095058933004
211.7	64.8	-0.198302595070997	-0.00794298460366692	-0.446048420504924	-0.514169474818844	0.397619407976122	-0.653011911389839	0.611394663291979	0.52712365562194	-0.238979953689832	0.713260658299137
213.142857142857	143.785714285714	-0.107717541924719	0.0967732812986058	0.00440915657875661	0.0975024427137894	-0.098241886698431	-0.11248137766146	0.254035402473152	0.0127700651657892	-0.560120716528884	0.40408749668261
210.275	36.45	-0.435491150771673	-0.0416827173454794	-0.23067991944215	-0.0578653601059034	-0.522207238299187	0.377430438969064	0.31074274286815	0.110340630087366	0.888356154308967	-0.324003109726156
218.047619047619	414.22619047619	-0.0273040665893842	0.314259740267964	-0.0277546170395756	-0.136686131853424	0.098069104895111	-0.468769416245533	0.243966441263527	-0.147100196354374	-0.139892265322306	-0.302442050001769
227.112727272727	331.98	0.53998393142688	-0.215883371420146	-0.0690892823307458	0.242058836564668	0.043392202954858	-0.475594650857894	0.123571868543854	-0.141693353336017	-0.499333279425936	-0.456688516486293
233.372727272727	360.7	0.195103912144237	0.0410345172001336	-0.147537542811202	-0.512396452761393	-0.356751850512197	0.658160018131195	0.208830538449272	-0.798730494138219	-0.509381637425719	0.438777517473526
219.78	471.94	0.269988759835144	0.143413149857511	-0.283854572313798	0.0523350610926207	0.220529450471341	-0.279400726741788	0.512692137488718	-0.379179581376346	0.459943813683809	-0.278846721599955
228.866666666667	253.983333333333	-0.160331901915184	-0.30231881486006	-0.0486899000437395	-0.0507320451629777	0.0128381896256951	0.244135843228604	0.165983307083785	-0.33311878664314	0.295525154221298	0.603111164186479
232.79387755102	180.812244897959	-0.304945915569639	-0.31357785979751	0.609643496524268	0.105562906924012	-0.0888950916285937	0.559849391727952	-0.230859525991678	-0.423123392711451	0.424781610233658	-0.0817454447474502
226.683333333333	112.883333333333	-0.19204407897483	-0.00990942104604078	0.205607462414251	-0.303556393221927	0.2587830474315	-0.0626106597702162	0.307328377377134	0.518759888270034	-0.302553882416321	0.535623398553003
247.683673469388	395.622448979592	0.595843794274606	0.239006573817287	-0.048241465844891	-0.162964725522322	0.54281541807384	0.380859799140172	0.0501006914123173	-0.307151757103953	0.32884008731925	0.348217419681828
230.85	80.7166666666667	-0.388743753188717	-0.0478906831076388	0.344642337773074	0.459135488787894	0.479923553238118	-0.212351391228134	0.103015578290603	-0.499630798245788	-0.109424944764487	0.420619028333039
244.5	216.916666666667	-0.130358731546964	-0.171901624017974	-0.432558512184048	0.367821362814459	0.499523960432323	0.640985733709396	0.681886765396309	-0.366005959214573	-0.068151921420819	-0.739395393998691
236.366666666667	450.983333333333	-0.277951662125147	0.318732969301221	0.0940011951067046	-0.175771422343318	0.0545389529016043	-0.759245066110028	0.0746462819467987	-0.108652264621515	0.0928236358872587	0.156664435573474
245.2	137.066666666667	-0.180001264142595	-0.404689969028507	0.176551295969053	-0.0317450828332807	0.206649160905264	0.206398653408236	-0.141709577249391	-0.154140329357076	-0.111078468374303	0.203859802246027
253.76	305.84	0.274777776150659	-0.171410737036332	0.062518479861813	0.00100799954833204	-0.013387784868341	-0.501965726255222	0.316170640403446	0.730268316066946	-0.277390227350736	-0.355409178990187
256.1	66.3	-0.132657948056732	0.456879720022104	0.0115983373033607	0.195162034975792	0.39804331698259	0.131329270485922	-0.178128653412376	-0.666155854409506	-0.542750514306485	0.631096171672064
249.537142857143	426.971428571429	-0.168302106983219	0.30468477539813	-0.372499176851249	0.110521059081146	-0.224501149603098	-0.369817981339014	-0.229506810824098	0.361301398555383	0.630359360198307	-0.149238672682307
252.325757575758	486.333333333333	0.0929637473536067	0.210767798495365	0.20841978666036	-0.0813958206315005	0.278882379206593	-0.203906593387374	-0.332308278490102	0.424161260889104	-0.275456753543495	-0.426376615777498
253.52	278.76	0.12365718729564	0.0600081302249957	0.132153186457439	0.503220195526362	0.401893922048391	-0.31129240601582	-0.308573989994282	-0.529936856808088	-0.11807398034825	0.139986528856075
256.516666666667	100.05	-0.100873554595359	-0.181542101580477	-0.022223877892274	-0.0893500209231401	0.37511647593688	-0.12321878852883	0.161375616248325	0.102345292412367	0.300018913862727	0.478058601585574
265.911428571429	157.464415584416	0.0453989464071103	-0.280807136449813	0.0659758527248004	0.162817277403453	-0.0599559857675311	0.291898961721691	-0.708793662563494	-0.162488844727607	0.275171734160731	0.0812932557026064
267.033333333333	250.15	-0.0495441073126828	0.527013276641402	-0.0120664693077826	-0.159906012896497	-0.256214081094203	-0.366599277300486	0.0923900225157663	-0.0631219185390735	-0.0702868343282538	-0.0773397463707014
268.628571428571	459.5	-0.12413632960678	0.244829058058499	-0.0537927166249091	0.270812204681076	0.0256278664673235	-0.485715117164621	0.411029007498483	0.408820276318752	-0.1225180666503	-0.0634630904046121
271.457142857143	332.628571428571	0.174632091580129	-0.325846936809445	0.0303324779510894	0.309156621679288	-0.19037215427332	-0.270340491820094	0.349368782429913	-0.118782265046995	-0.558665030970644	0.133537622673789
269.24	371.32	-0.119772388189168	0.232008604836751	-0.260617366878776	0.0144146825915464	-0.524244757671363	-0.0844224998899562	0.233838922339222	0.644954014369098	0.343380602905898	-0.395195133476688
267.871428571429	189.584415584416	-0.0478905829015863	-0.166315763114336	-0.0801629806429264	-0.382650196702258	-0.247347239454717	0.691882686287778	-0.533418344284402	0.55491573313503	0.180076619230536	0.0893756534084472
284.875	20.25	0.884402719542956	-0.215091124734811	-0.0775417254385275	0.0192594982145665	0.610101561232988	-0.258942159559098	-0.212542494359318	0.111198939634295	0.324745403695646	-0.100804788667993
294.214285714286	46.5714285714286	0.391517712327514	0.0690859790230148	-0.162086234792045	-0.52955987756849	0.0186751184421933	0.353022501616792	0.0413407078562674	-0.646104585415342	-0.166531970222985	0.479547365749245
286.066666666667	218.083333333333	0.365105916470645	-0.189175390463779	-0.221768945713589	-0.0762377378108588	0.507092397660437	-0.289384201935967	-0.198111050272003	0.343258282599656	-0.0726264703070996	-0.0561845642145004
272.64	423.52	-0.340555954456868	-0.104671248333163	0.291678996279373	-0.141237661567417	0.372350654276682	0.265811406368396	0.415032056369287	-0.267805197394661	-0.169158118850779	-0.492625471380036
280.464285714286	123.214285714286	0.0135806825062728	-0.104778367491715	-0.000619577784358782	0.111852196690781	0.173530327618407	-0.295337862789525	-0.366057972320157	-0.190949133777179	-0.438688319611266	0.714475246473838
290.464285714286	88.7142857142857	0.294436256416529	0.156893069677884	-0.0013225246061533	-0.220986259047644	0.113628002194076	-0.0353314669487687	0.349855543835694	0.0940352940598237	0.473219886021462	0.550362302326394
289.1	290	0.0384744133812778	-0.0938373989007313	0.165298812842513	-0.241230195782262	0.348963167405743	-0.465679460048102	0.356662620425414	-0.0907099633828734	-0.118697491899699	0.244835231596476
283.875	487.125	0.446033164531824	0.300367391520207	0.601660879197345	0.662611490360279	0.198372588793082	0.734351340643753	0.126684515590907	0.870217849909999	-0.223488772326333	0.963874127678066
296.7	442.6	0.105047638353943	-0.133873910399351	0.143981334060542	-0.133166790960777	0.270842012775867	-0.313314602808491	-0.751483757729458	-0.469573553796784	-0.0291758693622746	-0.284306996416319
298.6	406.657142857143	0.205844688132348	0.636829101915173	-0.0293212822534108	0.327736236181807	-0.313719324229823	0.474424363963678	-0.274281860903585	0.218166399905978	-0.318253394920962	0.210588532955485
312.414285714286	474.828571428571	0.396348175426849	0.199696685637764	-0.126131826319776	-0.122178105929275	0.559096427258007	0.0724216447821708	-0.2870182762359	-0.191157173863408	0.457962903232606	-0.0807061303341883
299.7	362.766666666667	-0.49809384937018	0.0851443228334003	0.0728571578915647	-0.0258841581396678	0.220731847562138	0.086350267939124	0.0864149972745743	0.041402204648457	-0.189403077158259	0.413658162833291
307.5	148.106060606061	0.32575079674946	-0.0631478345951121	0.25537320996384	0.114393980535743	-0.233550807666916	-0.114343851428456	0.331732400663412	-0.432139163279519	0.0740115271840679	0.631087804930087
307.25	185.189393939394	-0.0651662934199002	-0.107512272642713	-0.118674622863731	-0.283774506726881	-0.539947459004452	0.042037505929407	0.709934589519617	0.356253199198915	-0.14471883609375	-0.258683335427965
305.7	251.84	-0.236071607437546	-0.236085682148457	-0.150276120704083	-0.0329666707363975	0.32901447593377	0.0300813221964113	0.780233430400269	-0.181638903091971	-0.262524900742257	-0.194665694605387
313.75	318.75	-0.185841273901644	-0.305621282854767	-0.097419241919353	0.144498181601757	-0.0620081049831832	0.00950165373285536	-0.3931523158467	-0.208042230299209	-0.615260969664123	0.392182106068579
318.630952380952	114.047619047619	-0.0179955765540837	-0.171368204708482	-0.0551454643669615	0.0533399211764289	0.117010635344194	-0.354202600808897	0.391678348388337	-0.11151669313008	-0.342632373457411	0.747028273729971
328.75	398.583333333333	-0.293343344517703	0.550669889016636	-0.0845970020501036	0.00709476165478835	0.296348119134251	-0.355804879730242	-0.0878974199474654	-0.0909533183303485	0.245730762474797	0.820547493576335
328.666666666667	77.6666666666667	-0.0128314798973482	0.0101429793474276	0.0328396689585715	-0.113947509209379	0.364661309168175	-0.374999637784478	-0.145090614430995	-0.134192528651225	0.22043247357696	0.811076740430321
328.783333333333	219.933333333333	-0.0318463989561556	0.467645403246499	-0.153908694361924	-0.019909155086393	-0.683264509038349	0.0817087218375696	-0.601366853650672	-0.0250580853865412	-0.425727378709221	-0.692387235510954
328.957142857143	355.157142857143	-0.470780141133576	-0.00535185732387114	-0.0204815675752456	-0.0317566101509572	0.109348871652777	0.581391041751279	0.383467557824839	-0.131728348276698	-0.395535802297579	-0.554995034195515
332	439.833333333333	-0.201486741373572	-0.211028514368135	-0.0315694785605218	-0.0338674170319707	0.470578466754153	-0.250803035857474	0.64954143337737	0.541892234703587	-0.669592150975521	0.2472562352441
339.3	272.242857142857	-0.00828685758278364	-0.331144422462334	-0.224558678460947	0.0237466686269394	-0.264668542715461	-0.405326605475491	-0.230480836026295	0.229407224158615	-0.175105857802177	-0.077370521604304
350.671428571429	182.057142857143	0.234605027680677	-0.426219427207903	-0.253186964857615	0.305272567507741	-0.0723288080350202	-0.446173165494361	0.43358671862579	0.461358043686606	-0.742117804751468	-0.266154939286418
340.8	46.9	0.0830557758392811	0.00570975416336247	0.0553379931035742	0.0469623953368593	0.357307916030564	-0.143281547181682	0.728937124426841	0.590538854152978	0.107906240792977	-0.0271820673179691
338.12	159.04	0.343010027429291	-0.505198075453033	0.489172581660423	-0.144574845289932	-0.0862844037812776	-0.201012550878946	-0.155064831318136	-0.568805196568101	0.420641200696937	-0.158405273483272
342.82	134.64	0.0526423116138594	-0.177039687578153	-0.0646807692679171	0.0565206832454358	-0.224469838325091	-0.608931685205331	-0.634262280251587	-0.470444432217089	-0.386739968632574	0.00424459236888828
349.04	389.62	-0.0560881600616693	0.705741266337293	0.161343426857369	-0.0765374352841317	-0.29390392348227	0.0153755105478945	-0.173039229518184	-0.135578059042718	-0.140965301305431	0.0975698607575825
351.025	486.475	0.502519142207529	0.301534146273911	-0.331475904715124	0.47485569808273	-0.336918602075898	0.236708675109292	-0.782748031410102	0.350421208469489	-0.608955139462345	-0.484862752912708
351.75	317.416666666667	0.0524031807839366	-0.139124111562009	0.331741647454394	0.344744030563172	-0.252949113936639	-0.0484075194674894	0.437793585494409	-0.231252257806097	0.0794523326326537	-0.370710431157682
363.528571428571	102.485714285714	0.296679744591612	0.113433612323106	0.0400523990222759	0.248815970513504	0.134998717420114	0.0494190334515445	-0.0529067806645175	0.40940476207084	0.265080649838586	0.00059041165655261
352.125	346.5	0.112636557699552	-0.209283830731238	-0.0136062442543396	-0.385741990393101	-0.900918116930663	0.00418196609536877	-0.24496767651233	-0.120905621461941	-0.40857744027337	0.501167024815234
357.842857142857	459.614285714286	-0.0218523583165114	-0.380398081222461	-0.124910969662272	0.540714582405223	-0.227841980170958	-0.339141216879858	0.49484636913776	0.161044811218221	-0.450309048564529	0.0600291924866716
361.033333333333	371.266666666667	0.323561819346573	0.417898782831518	-0.155348458776345	-0.263417550094759	0.25677717580102	0.553334203453087	0.0483888635272796	-0.0759918663736135	-0.559166569169642	0.546183908418075
357.166666666667	419.916666666667	-0.281276094636549	-0.0669735574349642	-0.425827757961345	-0.247107034257376	0.0820724010539369	-0.19347215223294	-0.177993990814464	0.307930786316533	0.433396285594289	-0.136385382813506
365.916666666667	65.25	0.25162429613834	-0.0810648718888482	-0.0354657269804785	0.426368196107894	0.291304446531515	-0.0332276958975161	0.317013757429274	0.245674621198619	0.457555120179838	0.370733529380439
369.5	38.2	0.263224269599944	0.0574511315070414	-0.345022172342841	-0.401575698567524	0.120233018832275	0.772939875246566	0.222152041725919	-0.564992826732821	-0.0977207036252413	0.767467802816186
369.416666666667	227.333333333333	-0.402841807321299	0.305309692626637	0.390757443401786	0.0574472044729444	0.144264822107941	-0.242189410971526	-0.208081891267773	-0.0404632243115013	-0.369783424711715	0.0604221697299427
379.471428571429	142.014285714286	0.280069177164753	-0.264234162441999	0.341528134498262	0.144416795051887	0.147703970868263	-0.0891408226542071	0.371073947464624	0.174700099986952	0.120919396812685	-0.338033340122312
381.166666666667	278.666666666667	-0.575066913164648	-0.0959134681714081	-0.293368905278254	0.0516471604643119	0.165881900588233	-0.0579818893957172	0.316623906015935	-0.00447384604536782	-0.0301127332846425	-0.249126233044904
384.64	351.82	0.405755036904049	-0.00174878648846296	0.567068934499433	-0.053396659639121	0.2152202342109	-0.364737763458587	0.188127844699704	0.428783283853267	0.609005101896494	-0.612016941984063
385.071428571429	399.642857142857	0.472708547888774	0.109531983064424	-0.0698338332356627	0.372925985542577	0.00554979483771606	0.203386752712125	-0.26546124002632	0.189586850353169	-0.561719451629485	0.294493096626082
386.14	485.82	0.404785562829858	0.387585705220473	0.559628768014176	0.0363054202227059	0.0381901822638253	0.560213113900093	0.229808614508791	0.235402626184501	0.115748048987691	0.550540347153381
386.62	195.54	-0.0396829898531544	0.203524610827503	-0.13533029968165	-0.479744389866574	0.366424169973558	-0.0366987801433426	0.0356346305043714	0.67902642645333	-0.328014550848128	0.440344745212155
383.7	430	0.0442396638774141	-0.0716731984606152	0.262648794220421	-0.0315287102751302	-0.597771355550306	0.0137102463386432	-0.50634965144338	0.572832916794773	0.0167647574821924	0.124135470499014
393.66	165.42	0.322469920991378	-0.499898370652067	-0.398577075316591	-0.159553605458212	-0.269914974055459	-0.411604692246902	-0.157798619864539	0.015795052577852	-0.236202149430416	0.29126019980972
387.875	326.125	-0.0398809111680397	0.323824690161324	-0.661106648742183	0.356251200168899	-0.746212383407252	-0.3033782499978	-0.211466192073708	-0.542439176442074	0.493201446705184	-0.80400331325215
401	464.666666666667	0.123014637184678	0.262301463718468	-0.461690035532528	-0.188552281551186	0.0153788955991282	-0.0575136865185435	0.183295280714595	-0.388441649259314	-0.171219952196662	-0.247743002214406
404.571428571429	49.7142857142857	0.266848507187615	-0.131632878732031	-0.0179279948830436	-0.254230284718753	0.423441957022787	-0.0663694783571597	0.0226109468318281	-0.121083252513882	0.27537438774183	0.202634557997283
397.14	85.08	0.0796866314983587	0.284395549076569	-0.109503745616509	-0.0476084617420693	0.0380249783018587	0.392551385037766	-0.781516795803874	-0.0593788636106559	-0.296261860579436	0.199218759470543
398.24	372.12	0.226587251544812	-0.228180080902538	-0.181380350063837	-0.119710003396887	0.437009321287868	-0.0345918760165536	0.541945528078181	-0.269614891851366	0.406923440413534	-0.240593632853276
393.9	22.6	0.111079765850906	-0.137104168135976	0.41802432081777	0.0301081858843738	0.0439871962609764	0.0179578808350028	-0.710274028195898	-0.311151267544317	0.31212983249368	0.0322551109240517
406.714285714286	229.142857142857	-0.230957989791912	-0.345586310692318	0.0521476011873669	-0.0648290475223783	0.11993499131455	0.0509775904397793	-0.0446414576165442	-0.215528120145343	-0.00538003994366386	-0.0460107183059444
409.866666666667	112.316666666667	0.047454425309027	-0.0402005547736291	-0.283169915235729	-0.0585715233778012	0.198411728236925	0.199721251236405	-0.0463454040971855	0.747845172326748	-0.563451144752	-0.100178414046642
418.183333333333	179.366666666667	-0.420055429457694	-0.221534513159069	0.012753342180541	0.00228417039032251	0.419576203013992	0.0411977486443097	0.21239525291874	-0.0517556470469534	0.0555031260671953	0.198376388801603
423.5	390.833333333333	-0.175409365124964	-0.0661878770468256	-0.279945002168088	0.296878590613921	0.0543091740808013	0.108765821917361	0.204866739868951	-0.189055292943814	0.367988996349537	0.451533734121149
421.785714285714	430.571428571429	-0.20651064382621	0.366288673187209	0.134582021982109	-0.0937145489731562	-0.303766743180155	-0.214597875413844	0.208717303444183	0.554715687614952	0.240778044650946	-0.127702014873069
427.283333333333	355.933333333333	0.397214968969878	-0.0691519087037944	-0.369880419344698	-0.543464078282868	-0.220662065312971	0.17605382327814	-0.504209803944577	-0.00705933272000617	-0.182208780064418	0.856751672881222
423.1	20.7	0.171853463910047	-0.0545520493289808	-0.125790795750531	0.129447867608142	0.334659361903222	-0.177143915777237	0.817066064145323	-0.200979308943029	0.159964518037357	-0.212882718360074
425.642857142857	140.571428571429	0.116470523233328	-0.346206972760926	-0.0513061556098852	-0.0283626817322541	-0.148676682488579	-0.0329255746302269	-0.153329288002867	0.0388138835387683	-0.495477605685959	0.427841184290477
424.3	82.8	-0.420872465549021	-0.253181778284912	-0.409730639863657	0.310593295596946	0.200122282896116	0.945918939426159	0.836036914842856	0.0453234553517211	0.324017418619153	-0.874222739102936
441.957142857143	253.414285714286	-0.278342419638335	0.187018798224447	0.0216944166722567	0.0878318270960216	0.450421873461215	-0.16454577798316	-0.50538854789438	-0.161924200375122	0.214113017791216	0.366119323434162
434.3	470.6	-0.240482342807924	-0.0976744186046512	0.396354269254572	-0.0251078365875385	0.480484007265356	-0.147976193711173	0.491432894216042	0.0641148336068871	-0.195111423598691	-0.0254209430726694
442.333333333333	107.416666666667	0.140668550084375	-0.0260139170664188	0.102144641167588	-0.23577472261345	0.130334122455081	0.104638387712708	0.2364261138259	-0.467012648779476	-0.371771158364086	0.725166976916751
446.333333333333	204.083333333333	0.0417046715825797	-0.287438047408156	0.349037062802124	-0.128396414742225	0.312999516551005	-0.536723028148845	-0.430015076672714	-0.269091850825962	-0.0227683364534986	0.0931330130628245
464	160.285714285714	0.34686842411361	-0.0723175670674323	-0.0408523596359358	-0.232244799955237	0.484030425448673	-0.0376974415278645	0.297022006749246	-0.0377866688347066	0.268494271471442	0.263815670663801
452.442857142857	32.7428571428571	0.31728052658827	-0.212057170327639	0.294407101085985	0.0125821085086797	0.083775816877708	-0.384048158537084	0.154940771185423	-0.394407711909912	0.157961679240004	-0.0929199983492662
453.44	418.08	0.240135341141476	0.246368469975832	0.358755323110408	-0.0351559678448233	-0.180854777586645	0.0162975454260044	-0.345758844371071	-0.282884822411539	0.121951563452932	-0.271171063048969
462.033333333333	387.4	0.136095229796846	0.557685476249522	0.131876571481328	0.00165054688933116	-0.441559026479064	-0.162525225812066	0.0414961969792521	0.0206036729827776	-0.00993240573537582	-0.140263830594064
454.833333333333	486.333333333333	0.212852573422507	-0.0886885722593778	-0.242424032031118	0.93959073372991	0.0547064113513791	-0.0551661290938298	0.076307925942635	0.532668963560594	-0.76860845314346	-0.453882214234678
456	72.5833333333333	-0.305426944072754	0.123909104903551	0.212425974660424	-0.124491977936265	-0.255960582506387	0.00807935947929509	0.416688919124997	0.227679879245137	-0.263221326621339	-0.351055125007655
470.588149350649	465.003084415584	-0.120046993452701	0.51131591124868	-0.199019009686744	-0.228070822732808	-0.250771734076868	-0.0530790658610984	0.431636364729048	-0.224187988938505	0.125631768905561	-0.0704045234470281
461	127.9	0.171516524365453	-0.176569669512691	0.300643495678527	0.466343781776001	-0.193985050881185	0.119489440507986	0.151193733414135	-0.605014883423768	-0.18781166064611	0.58711594904032
475.24	222.08	0.0170347688035136	-0.409480345019427	-0.161802188264612	-0.164844209896277	-0.3370566871031	-0.196176057703174	-0.863322312118455	0.089160690154614	-0.230739309775676	0.311140096296521
474.4	288.6	0.161133701523335	0.367208836560053	0.0569303632713521	-0.564986534811386	-0.0365456336822231	-0.0369959793575545	-0.0219391862666725	-0.426212130814427	-0.287034755439069	-0.107628043121666
472	352.1	0.167852658015906	0.289056322961723	-0.100507801906154	0.0180605839959155	0.345419663625982	-0.171173418688158	0.741130821932754	-0.0622048299355525	0.471204309873455	0.231577373005104
478.25	53.75	0.267149649083088	0.590672402082862	0.064937913198707	0.708994265415389	-0.229978006357407	0.747398140363979	-0.759423458483925	0.430878457762486	-0.928219047036554	0.212138082557922
476.916666666667	102.666666666667	0.225598947387657	-0.0429085725772556	0.197803638681172	-0.174742258470629	0.598128560833284	-0.224576712847324	0.00905000850895906	0.0672312930195838	-0.204228225725471	0.162719464964238
485.375	187.625	0.0356422764227643	-0.315772357723577	-0.456229646773819	0.664890433684726	-0.104063585742456	0.681868195156268	0.5128253878811	0.444172498144186	0.263796305520565	-0.493422896843757
487.125	78.375	0.230763352945671	0.148926415526859	0.158779868300922	-0.475126892617316	-0.291643426718307	-0.655316140940159	0.323921639101898	-0.259365753392045	-0.147135594270028	-0.724106710837671
486.125	324.625	-0.366063586861057	0.572106095204637	-0.769308698732089	0.191351397190899	-0.553349853217054	-0.589325155537556	0.297012264553689	-0.880244806176098	0.905477505504006	-0.335731735157502
486.75	129.75	-0.554746651135702	-0.0695981362842166	-0.812478972711226	-0.0488900576962665	0.0471146977023024	0.0954485400736799	0.943575840333141	0.176491454458417	0.608430199145823	0.0117420972342712
