29.64	247.78	-0.597817384268132	0.360788509859035	0.476716935163093	0.199980341322301	0.0850014845060881	-0.43425103052242	-0.623957068429913	-0.0386231049633394	0.552552411598765	0.371764548213556
30.1	201.1	-0.0266134397870924	-0.130701559843276	0.52349112652834	-0.284630806057767	-0.540450988594658	0.132326215899813	0.14768218056372	0.529323269458337	0.381601854158549	-0.214900310916373
27.6	167	0.140222768112528	0.137126897062288	0.184974291089874	0.512875555038375	0.229420404413272	-0.375912107173323	-0.415568548406255	-0.411708765597045	-0.0409364846906812	0.190217477887118
30.44	316.98	0.0370820668693009	-0.331636556128548	0.611048727845955	0.163310837770622	0.152127179540828	-0.16553037487325	-0.446168455657735	-0.38424301677641	0.372547121024027	0.0109573190056593
47.3	134.85	0.201483695231736	0.385255880424913	0.00610814646815205	-0.145247631916728	0.128889651966392	0.186517907697222	0.216222518895754	-0.278602435223664	-0.579097093970786	0.0198320284207889
37.2	347.3	-0.182481751824818	-0.263362901378023	-0.316409946882803	0.0858467577741199	0.0911426645834226	0.394394794578917	0.91296823369486	0.044160686524832	0.298963742063009	-0.326649754687557
41.5666666666667	290.966666666667	0.0800090162956285	0.538251634203583	-0.069577010346276	-0.117615854339996	-0.282046797094242	0.161896927922631	0.607400064618639	-0.0398968495529845	-0.538684558774126	-0.396368557317004
58.875	230.569444444444	0.0882771599959909	0.14372484247906	-0.0126531173991955	-0.30086915825756	0.276115428879003	0.21454050783619	-0.209265366948727	-0.78353524442337	0.101866295570217	0.712560949355813
47.3333333333333	452	-0.137776001598561	-0.086921770406634	0.00501366212893377	0.167753152864205	-0.589789193451383	0.0225050225917764	0.0904935343901782	-0.829091996463459	0.669637646199382	0.278064829186045
64.4166666666667	52.25	0.333657892565393	0.079759056027725	-0.203430915799106	-0.0879965558953995	0.185366453734092	-0.381157917671131	0.0817622175605795	-0.350863878578846	0.668731724463936	0.181026095531208
50.4	409.4	-0.512492683077112	-0.217227887488832	-0.0791034305740946	-0.111680728994759	0.138339223834976	-0.194374216755671	-0.446462182058307	-0.115026476063196	-0.219562981301816	0.612846018585297
73.9666666666667	101.85	0.0369652815956101	0.518009614017696	0.170434518156982	-0.158222746908312	-0.509470507587462	-0.209112962766042	0.27265935114393	0.644695270304836	0.341807724773147	-0.82400454142479
59.6	269.9	0.0189438233780813	0.0746526965714018	0.115130827437256	-0.118672417164525	0.218156625227409	0.350706022060753	-0.122473389773831	0.913548946088795	-0.0780508227195251	0.0392716175869015
63.1309523809524	370.619047619048	-0.0499276205777003	0.0684414546015009	-0.324044980857096	0.282003988596565	-0.109550327944426	-0.326132619265862	-0.57762692131937	0.00591152073797284	-0.0947400170555241	0.484739160991072
66.9166666666667	184.833333333333	-0.222093259202143	0.0456474980723185	-0.144515866091935	-0.133122398336429	0.338138040396635	-0.319459139918921	0.834312209356848	-0.101928780251847	0.30594555327518	0.28804160968288
69.7428571428571	327.7	0.0353819128205525	0.453828728894701	0.0618404902496109	-0.0670363241294135	-0.510337849227355	-0.0699434183590268	-0.383709856533996	-0.149443221238126	-0.407239277366242	-0.334647034944938
78.1	293.5	0.212065250846414	-0.0538627269929211	-0.621786437895476	0.210730870794362	-0.415925995551708	-0.400011020080771	-0.345854218154974	-0.435620942346715	0.100744890361631	-0.524459509172519
75.8809523809524	415.535714285714	-0.559584890523784	-0.325664237006891	0.210170581890338	0.233702889136806	0.15620384761407	0.314325008912999	-0.187537213955003	-0.474655483554588	0.0258502044184983	-0.414267534987955
91.5238095238095	459.464285714286	0.293923622072669	0.242313907288309	0.00306349425213943	0.419362637028649	-0.262899953629324	0.0502982480281813	0.214438131988548	-0.0729411944553876	-0.8543764670297	0.161443594244152
93.9583333333333	252.069444444444	-0.131747178772822	-0.296860294424266	0.0531640046510386	-0.481461669819145	-0.0862700289191905	-0.272289025510609	-0.417676418423037	0.214365116674318	0.0386626890285071	0.235365412567997
107.825	159.9	0.019949203552815	0.327782133157161	0.327458440428613	-0.304540912239886	0.116230996764542	-0.239449229968635	0.204601356225139	0.0481410868202248	0.25404572179927	-0.1154657614569
96.75	210.783333333333	-0.32779349304634	-0.273143207257846	-0.286434681603859	0.539140640315932	-0.267485100389552	0.0377582915627231	0.0783250846319143	-0.478064076312432	-0.0838012007664567	-0.0734081483803808
95.7142857142857	374.285714285714	-0.507814322369956	0.0644959122704954	-0.0700403444411573	-0.149187475228618	0.0320969299834536	-0.0516828274243572	-0.0115158405187829	0.291961155702117	-0.184535804943352	-0.431943382020822
107.2	78.8	-0.0267654931027383	0.157993617459337	0.0275547279631668	0.209676485798698	-0.0993067590594228	-0.0238459879263303	-0.935026563617355	0.331235653307689	-0.0487169515578748	-0.0244348313772245
120.166666666667	39.9166666666667	0.264286931207917	-0.0260146221139103	-0.220919915664409	0.13368046577082	0.426260221187541	-0.224791458310008	-0.505179159006703	-0.345563417900993	-0.222446731018492	-0.0123469818088234
106.107142857143	421.047619047619	-0.532047984037319	-0.0421941371890003	-0.180008211826637	-0.0476488877474144	0.327053955154429	0.0284903235895847	0.295226279798154	0.509831786758551	-0.670165481578336	-0.0530109497154329
110.54	340.68	-0.39972683895915	0.150854071695904	0.164674944998256	-0.105032475350287	-0.493022871157758	-0.505459060307075	-0.417641391692615	0.669299552123152	0.79669361964523	0.172714490777637
120.819047619048	303.257142857143	0.0394468287246321	0.122511471143026	0.0768703955606471	-0.165543869662167	-0.473426589940636	-0.314364799508811	0.637886785567363	0.388985051086581	-0.206581693217279	-0.767012658099367
124.02	117.64	0.0326532834971164	0.120104953092898	-0.503678454956125	-0.258293216151269	-0.00170727129042977	-0.585611315653041	0.717658495695792	-0.229758423620522	0.431718935685975	0.265728277816481
126.842857142857	262.528571428571	0.0149087017156938	-0.360511789316641	0.150098593094895	0.347757034642416	-0.257543132204563	-0.631791099536431	0.589948947633248	0.404263114048989	-0.703362296657893	0.248703725258373
130.957142857143	457.580952380952	0.197981200950282	0.30059139867655	-0.123429682401447	0.401647408367472	-0.204334638757846	0.0592329742659921	-0.382765170184468	-0.110662579038956	0.237930806285604	0.080668769722343
121.916666666667	379.916666666667	-0.51181349217659	0.0310941374298174	0.214153580532673	0.0764839524403496	-0.124305543751575	-0.195262847387778	-0.359487659435088	-0.221608939849565	0.242889714307601	-0.170126442824684
127.25	218.25	-0.357343120762604	0.245144517510323	0.457153726936591	0.133631129257916	0.151693982891843	-0.615145542332485	-0.168011676624796	-0.200429820670777	0.538429083556707	0.301528949845799
137.766666666667	419.533333333333	-0.0590670206425743	0.106767080240559	0.454011339460451	-0.225637476215372	-0.128132684233564	0.0134628431514491	0.584956578842653	0.101535893533391	-0.383382650742159	-0.115136335148563
161.114718614719	191.070346320346	0.0895421319776875	0.369410681770649	-0.278566387876965	0.00166230397290637	-0.0786226083095146	0.163457718046479	-0.57307669144854	-0.0425746770583816	0.576947130941373	0.0528475730095651
135.14	346.08	-0.448508573634008	0.378490103104152	0.144848872671277	0.525075927951038	0.0700008555450525	-0.128151669773506	-0.554179482812141	-0.0603985453574752	-0.558564179889034	0.0572639240993492
151.166666666667	83.6666666666667	-0.0896648311423751	0.300537925327052	0.123420576182875	0.0462206605441298	-0.410072393992078	0.0981949797478769	-0.319135038017328	-0.0745960131916801	-0.643978185226478	-0.500705054600897
156.342857142857	284.828571428571	0.299216206299818	0.0793778186093943	-0.00549769969390141	-0.0794521399027442	0.188450155516493	-0.592222088524361	-0.265015872621681	-0.680555467630524	0.260363433668775	-0.542201978843574
160.916666666667	330.916666666667	-0.352708218273906	0.291108207497609	0.102557374539244	-0.358232480019921	0.232485378152772	-0.241332784476739	0.0709313189495106	0.469544922618652	0.255074855328106	0.427577009208353
155.916666666667	385.083333333333	-0.224028253515733	0.0370401889241113	-0.0429809147526309	0.0436121031069814	-0.0883871968179779	0.216177689031438	0.0880591057608066	0.503389605798595	-0.746432472599785	-0.0931204933063317
167.748979591837	137.712244897959	-0.0370916158812057	-0.234112847372138	-0.0544640977792076	0.169120756025726	-0.462700131900879	-0.264466794489543	0.267702482185631	0.261095937859819	-0.166271517607808	0.131072051750885
169.32	449.14	0.351521503400527	0.275647325175698	0.211653035064731	0.0890646054134418	0.153041273854269	-0.123146973454879	-0.0975204310488012	-0.412438812750883	0.446053224188952	-0.161707972426422
173.714285714286	244.428571428571	-0.0308217493531663	0.07633129691389	-0.386351389192109	0.145336644954442	-0.334169904822187	-0.371431642896846	-0.0748799016423868	0.0355409057338524	0.398365804909744	-0.122534142674914
171.583333333333	43	0.186100021952469	0.126153520932086	0.119102116934012	-0.169592208335223	-0.233739270826833	-0.131934650134215	-0.201508254148617	0.465448797999983	-0.775602640045215	0.134459748542181
172.7	479.4	0.509724192277384	0.100929866036249	0.429840431762095	-0.150462529648745	0.30837594503358	0.480593810693376	0.243259199031235	0.320695898156682	0.274405925964304	0.48832722383047
191.75	421.333333333333	0.520236194378333	0.214382550537764	-0.203826194149325	-0.177252558990069	0.209787526557386	-0.163420114462108	-0.498724607550938	-0.431158778193991	-0.174544904008794	-0.212287921112031
194.928571428571	369.757142857143	-0.283167690230464	0.263733953388166	-0.282045433711973	0.489770962707283	-0.524913883925215	0.0575427474709358	-0.625462107484674	-0.646842586076982	0.10236060499362	-0.724609381026763
198.75	87.3333333333333	-0.206821587257594	-0.0774314246862468	0.0622655652214546	-0.0698880105596422	-0.00210300001195772	0.357162738087841	0.0970579735932576	-0.105072172175876	-0.759240599340225	-0.15993203942264
199.948979591837	301.326530612245	-0.332478520923935	0.105596306486446	0.199697575017412	0.171205831809021	0.582353724195053	0.143859659157196	0.170689135233264	0.397583271297821	-0.145985127391956	0.546835123080856
208.698051948052	175.320346320346	0.288212019744622	0.0514061033159942	0.226367315146207	-0.00616125471851251	-0.441554070258309	0.142620905615967	-0.113867203210639	-0.332127905990774	-0.0345715547057217	0.630100058211462
208.340909090909	216.689393939394	0.193453117593016	0.141811910051821	-0.484354552399118	-0.109705740798385	-0.586352546438809	0.47646358160765	0.00658497834598793	0.379397037378597	0.187425923284389	0.27475981156986
222.333333333333	130.333333333333	0.0104895104895105	0.0788787483702738	-0.131949942927066	0.358036495632119	-0.214190134679811	-0.0584962898141074	0.408075766826783	-0.0398070715636104	-0.58265915548506	0.462621177487683
212.5	253.9	-0.108718214841723	0.145303580695382	0.449335246208178	0.419035102621364	-0.425636833840249	0.179085553039903	-0.450835543903456	0.658260257157683	0.0781200502585159	0.22288729104939
223.285714285714	464.428571428571	0.217136712829216	0.0306123770905934	0.00571032697202053	0.216844388327536	-0.211512518774863	-0.157145243126286	-0.270567218761023	-0.0429618826610889	-0.208688030337353	-0.282978455852703
227.557142857143	41.5428571428571	0.113137766959932	0.0505087768227647	0.237795746462735	-0.138581886555731	-0.230249786570415	0.0683099274160241	0.0128735104459826	0.230010720006914	0.0390641668934628	-0.00331804472313077
239.04	288.08	-0.0605151277056046	0.431209032494161	-0.318304278556593	-0.652498387468607	-0.143434426932277	0.412443303094371	0.597725098970522	-0.642977218366255	-0.746547918110202	0.307320585522169
241.357142857143	349.130952380952	-0.62088931750303	-0.141461743856512	-0.139170936492703	-0.422897015862475	0.62782244649293	0.29604447590051	-0.245236066471088	0.350252858798144	-0.368344920129177	-0.428474556989969
242.833333333333	88.4166666666667	0.0753385175920387	0.0337593126325521	0.201284424441615	0.130725138501074	0.0935552338225686	0.427970379258909	0.627263499987342	0.136650464978117	-0.487676291697594	-0.440569186662445
257.457142857143	254.914285714286	0.217794865608449	0.448770104252198	0.129808017590078	-0.203914801221696	-0.432627866051065	0.463698458434612	0.393844685963881	0.195771515250195	-0.334904982848713	-0.0964742241493282
256.5	418.916666666667	0.226368610469029	-0.218252040846183	0.284042120731381	0.103934385685773	0.0656606663650632	0.105794438606063	0.292352301935734	0.468743276504733	-0.171022041052611	0.523648751140586
257.666666666667	204.75	0.284040809661754	0.103560261984965	0.107022980741873	-0.1139524773496	-0.367980653294038	0.0555443706568526	0.501257673484458	-0.103147278616782	0.0617949849909854	0.457154624704052
263.666666666667	162.166666666667	0.34445036516942	-0.0980472055919506	0.0663558487883218	0.237436845590235	-0.169290313674195	-0.0984503075589811	0.46682431897251	-0.0965966900697533	0.161809226126159	0.368546737282905
264.5	122.8	0.0140989644657792	0.189898258008031	0.0839276402481008	0.0820266815491532	0.122479710139461	0.383937180782082	0.152816611186311	-0.830938458535922	-0.248660929139086	0.143277480654437
286.72380952381	454.447619047619	0.32884240680663	-0.347415059534946	-0.365467279088017	0.227603626329955	-0.11555484587238	-0.247398844167055	0.24911431787122	0.236448408745383	-0.433319669080415	0.19891146272855
270.92	63.28	-0.0562239317316041	0.0247859081411049	0.0768949845310147	-0.301703169200921	0.048545824391736	0.187505206303274	-0.849443818106971	0.376892740529579	-0.158148313660085	-0.105706613823845
280.833333333333	360.666666666667	-0.453009813015671	-0.143045452326319	0.397726549448317	0.173822320996089	-0.185475131271593	-0.0293092408713248	0.13907162322884	-0.256130570749408	0.217347374501914	0.467196679295681
272.95	304.816666666667	-0.219681390236475	0.0580530515707323	0.14711212289829	0.169896868873607	-0.0778183021131525	-0.0542084129491393	0.124050428495988	0.311515001312348	0.748976507608592	-0.339210987480571
292.483333333333	98.4166666666667	0.411559054712579	0.201750813366521	0.127704361243267	-0.0597056192268297	0.552614898146376	0.252988326518395	-0.0469441815383436	-0.299307968607605	0.162098730613907	-0.0815246344050458
310.183333333333	235.45	0.0846514499502657	-0.0765329949104651	-0.00750677777891919	-0.210822410983249	0.00391740440156721	-0.0160798534797049	-0.186219644897801	-0.0363401329628574	0.818430148308381	0.316925127747066
308.75	140.233333333333	0.193297074819932	0.134329877090424	-0.0445589248021615	0.188703320196465	0.0366536420956296	0.562194185147816	0.0854078962372124	0.253068170860139	0.333560872387385	-0.238728404026714
313.366666666667	185.983333333333	0.0795193301828109	0.098985384725813	-0.160590203105416	0.215341679705893	-0.235402508079191	0.341698259732763	0.0161681236210003	0.121355054679163	0.639674127944078	0.164951979859233
316.083333333333	289.916666666667	0.191288729232151	0.550943520212032	-0.068293486968235	0.362388739623148	-0.426300330227955	0.475978022994925	-0.287015188111558	0.0772272253686208	-0.379624733541292	-0.0475192106816105
314.771428571429	403.357142857143	-0.0946371162661979	-0.0657983406202996	0.0995170336891626	-0.387102719747066	-0.0950960514221867	-0.168242043181079	-0.560859610184381	0.0257868869912689	0.136403195000573	0.381242674608446
313.22	328.76	0.425689480077262	0.125099066090524	0.314767758430974	-0.131980760211865	0.018613073929451	-0.080232471128849	-0.254059807315635	-0.269272712164083	0.0287274687658701	-0.414305270523309
312.316666666667	63.1666666666667	-0.208848506552924	0.473575052740486	-0.367082004549014	0.396350478221905	-0.356265125692942	-0.118048927755551	-0.0664720282937095	-0.358377432787983	-0.212698761895876	-0.277427730705434
325.12	362.66	0.327572151055389	0.135812967505526	-0.293736681898101	0.0031322904350417	-0.156988273649255	0.124364610333306	0.461054955820295	0.238906616429004	-0.158691001465365	-0.0542098222215329
334.58	451.9	-0.153855641214545	0.420838157133085	-0.230910774533403	0.0144005458011506	-0.0146364021499874	-0.671917613419339	0.608047658790986	-0.500038749759617	0.652007868584981	0.320535768953082
350.75	54.5833333333333	-0.352203906220973	-0.112542263725648	-0.252034181350321	-0.341519927459483	0.182699900641575	0.716150306724431	0.117831436004692	-0.0455311764581031	-0.309441319380322	-0.0394796454881858
343.157142857143	111.585714285714	-0.3208226599147	0.159517396849229	-0.0330634993996918	-0.0981385679108046	0.400843590245636	0.0703528307962215	-0.0820489226458206	0.0934629782914523	0.0338376612287603	-0.428529812097672
361.071428571429	270.5	-0.35308605119785	0.18650645570565	-0.103342267157421	-0.252164966701061	0.416429753105475	-0.0645599619069796	-0.104750231614566	0.177808349085866	-0.0814084883348986	0.226712692245784
349.4	161.88	-0.157588753653586	0.123097072895403	0.200678867726487	-0.102526564777088	0.356198314218086	0.755336202657474	-0.378104125327835	0.647448472729342	-0.394126310094192	-0.278641152203636
359.533333333333	420.516666666667	-0.222961030216311	0.17027980301512	-0.108964320694246	-0.35876054890388	0.158538219770823	-0.495148300982002	0.0283128871198552	0.53489689565406	0.477394703039201	0.0358023717151105
359.433333333333	208.616666666667	0.0117183746493866	-0.28916000774819	-0.164629251948677	-0.0415191174431313	0.0186972116183423	0.390466871629212	0.522236656065553	0.220465602195009	0.910757240212314	-0.169363006875533
354.7	381.8	0.273896179799161	-0.0332607194091705	-0.277239379522953	0.121961248359102	-0.502842484728437	-0.443739060622763	-0.71662996974753	-0.359858021156581	-0.424969878764358	-0.389619379442494
361.4375	339.875	-0.421725750630448	0.200160738169779	-0.149932360049122	0.137347512715355	0.0406423304416302	-0.241524408275857	0.0316683296798231	-0.437537515492713	0.369576719699596	-0.064363366484159
381.516666666667	90.55	0.0834531564755474	-0.0433156264611683	-0.088443720056201	-0.217738935187528	0.160043311208175	-0.053652091276045	-0.213777599888178	-0.133717350949234	0.835468150119445	0.319569978806903
380.9	469.5	0.277378910138298	0.307728148759981	0.28530566451403	0.614930053139699	-0.615812932849785	0.281997315596166	-0.341133438627919	0.299521022025686	-0.840230102779782	0.0220052283296098
382.32	139.86	-0.169766776551779	0.24039928347278	0.0792838142008925	0.143968040482374	0.0731867309143141	0.443280592253182	-0.596781554475144	0.61216368213139	-0.460279260455846	-0.169325502218139
391.8	46.8	-0.0357081643146887	-0.0893846769125293	0.229166300820441	-0.0608957753611986	-0.513125003168176	-0.0742158068567707	0.805158267942966	0.036259331302418	0.111082951365898	0.122964815391513
395.96	228.78	0.0710112489517367	-0.242083224892282	0.0383743031868512	0.150822122699727	0.220216440225316	0.233623011730404	-0.692848578944003	0.324374868691994	0.256957991534497	-0.141981519999383
401.9	318.283333333333	0.179786931945945	0.257979130072766	-0.0863764170443437	0.0605092482169053	-0.197914056027294	-0.14002251454646	-0.167184871530276	0.0846230004290891	0.406242740892286	0.457461495575469
400.083333333333	437.583333333333	-0.115942574369202	-0.0520631456149923	-0.225112446763309	-0.0273089811036568	-0.0952124714402443	-0.520887810786266	0.0645113137160101	0.771167936047869	-0.0175047495394274	-0.428208073776726
389.25	389.916666666667	-0.144584472013055	0.290014352279653	0.0841026682316657	0.0991071446916497	-0.508257049860753	-0.371567851800172	-0.594437402043956	-0.344009456709218	0.114680453063465	-0.660852313414105
402.78	359.24	0.189085047589807	0.442184781496265	0.109410043264415	-0.183413593108261	-0.629932181160272	-0.244891684185834	0.274342039412774	0.627227642859593	0.137099142028707	-0.823350508810132
410.05	186.066666666667	-0.0864511004333163	-0.0180251435476945	-0.261240379228141	-0.157584729647255	-0.135062540569026	0.446349963374009	0.123928965624255	-0.443313166727517	-0.505546355013998	0.456422714836855
412.1	268.9	0.0787189923968972	-0.0642039781890792	-0.093220499592251	0.0636470800784756	0.109719668413844	-0.12768079177454	0.902009383989807	-0.302453247611613	0.0107392710113787	-0.0799577402463044
426.657142857143	125.542857142857	-0.411299527721461	0.0375883324934665	-0.189856361893977	-0.2986695509995	0.0650878004002933	-0.038563392718739	-0.0174197716142548	0.188144560307898	0.255703550091858	0.216760275601033
424.7	69.9	0.211000398565165	-0.0520260395908065	0.153147296418206	-0.0915213731506158	-0.0569150448547262	-0.573761304087847	-0.455733742956432	-0.670823097671205	-0.131854165090978	-0.399918840897952
430.333333333333	474.916666666667	0.347158855246786	0.347218107483557	0.0435500238381204	-0.184527780098489	-0.264495811132056	0.327805193906021	0.00534109455761563	-0.487249624804884	0.00362959467514093	0.107180551929363
436.75	34.0833333333333	0.213770086890042	0.337371539468074	-0.371771963944109	0.0644422900714218	-0.483897008916253	0.114560123071639	-0.533188990226724	-0.175096908034824	-0.0756171441875161	0.115992880068559
438.6	444.3	0.244569222670644	-0.0648534830672049	0.0513664128988112	-0.26191597385998	-0.335952669764459	-0.581333308252358	0.606580780277051	0.291244008056115	-0.528707726954174	-0.412888747710148
434.928571428571	402.142857142857	-0.0932360820508809	0.235456305363812	0.176521120497009	0.226649416971314	-0.386182627624564	-0.118403226149656	0.0434302827404721	0.0780169431830443	0.533461381025579	0.149489761364913
439.05	233.65	-0.22111497431124	0.468283735319079	-0.0166742824865945	-0.183390444811768	-0.106196480264169	-0.500485429049761	0.158460330335465	-0.156113705983647	-0.018277905303324	-0.0383661114494612
447	350.857142857143	0.0466495887825265	-0.159781582850209	-0.154908806383631	-0.0366709136073772	-0.262793987247364	-0.20834952314518	0.030598941283097	0.150478313949961	-0.218300325972699	0.457817582623007
450.916666666667	293.083333333333	-0.39399176852393	-0.27945985601134	-0.0424294584020178	-0.122852395996516	0.154352741531184	-0.0301078990162885	-0.100159335257944	-0.292982495826877	0.218351523336152	-0.0877368447325371
457	192.428571428571	-0.295863751472593	0.408754858399117	-0.0886113363100181	-0.0127230685823521	-0.186559381730779	-0.41414623168819	0.125707951218242	0.301561295304117	0.236124871739442	0.203350979781248
464.285714285714	79.4285714285714	-0.316761454406032	-0.124848233113937	0.209751792896535	0.259900652516657	0.286564250035406	0.183714858653733	-0.0385609939448459	0.225760653908471	0.0579107715605484	0.21306447099064
472.166666666667	140.333333333333	-0.230889683430331	0.357230472114205	0.371190326360775	0.506597796671456	-0.0618406001242956	-0.409977542892707	-0.363836669917229	0.307172654607831	0.0397703626661641	0.186169763518599
465.8	461	0.179132308457299	-0.0996560725976878	0.245195221791506	0.254890914583177	-0.0773915469107114	-0.49894039924524	-0.597277863478459	-0.207894116891902	-0.235813316463199	-0.0694780713235493
466.8	489.6	0.196480380499405	-0.10192627824019	0.0468519283893651	-0.0222750853527079	-0.423086342450207	0.320377784025229	-0.428296998817775	0.67411934729464	-0.171580512578536	0.383186041145332
475.44	387.92	-0.00903929738317213	0.0423824225892515	0.293658902624884	-0.562666759096431	0.28557312513502	-0.350521848539583	-0.169112746257639	-0.647596450238107	-0.27346042908054	-0.399261194304793
477.166666666667	429.166666666667	0.166285884573359	0.052051256580908	0.0733231462071703	0.374198776461767	0.48954328270044	-0.148738605469762	0.678954307275092	0.230626098526797	0.64146362196217	0.255091631403566
475.7	249.1	-0.313169276659209	0.329545115585384	0.298432031316548	0.345683865808748	0.304372922771187	-0.189736367413014	-0.110133530189115	0.461270341866931	-0.358064736021557	0.701413090097347
466.333333333333	42	-0.81239954075775	0.452238805970149	0.308556147223481	0.51755415567375	0.477016250844051	-0.769551971682668	-0.762362957089973	-0.44181964194775	-0.130278738184718	0.918922517887904
