31.6712121212121	306.751515151515	-0.0473761743015544	0.618477765052079	0.224276142557697	-0.108998152617864	-0.35439286248438	-0.369079333477131	0.125453706396374	0.0435793302443089	0.455612194920399	-0.492841789718641
45.0571428571428	364.742857142857	-0.0129844214154515	0.257535231044835	-0.416604504805174	-0.12510908886039	-0.00369546511494751	-0.210232341812243	0.304648395864483	-0.447119463380583	0.0744910111566232	0.244220783833492
31.74	412.02	-0.290768558257829	0.321572484501669	0.362261093045075	-0.29277880130106	0.000265884984294925	-0.0695656586544775	-0.629253183237382	0.254950775724462	-0.0259855031085022	-0.350251171846068
56.88	282.26	0.345553049965253	0.446002637961111	-0.528154600084499	-0.282261670371172	0.33398772480667	0.419739453326375	-0.500255160769402	-0.683552378037949	0.241794638467956	0.807841517197894
43.9285714285714	219.214285714286	0.351818075333411	-0.135004434330081	0.132231414316354	0.0908060632168807	0.179096940686022	-0.0824761030094864	-0.0953205958093691	0.176652141998093	0.532739457666928	0.121581571533866
50.5357142857143	173.392857142857	-0.102979685052551	-0.146903734171918	-0.031173584378768	0.373599308491679	0.338594992131377	-0.0956016424016533	0.357728407187212	-0.18391690924314	-0.0281632972500761	-0.380073204945366
48.1	460.157142857143	0.280384502132429	-0.143082032820727	-0.228737858715271	-0.145425523378048	0.204813922569695	0.0952626454918502	-0.357694518418418	-0.153451515372835	-0.258779396142197	-0.00670239099794152
40.0181818181818	37.9727272727273	-0.222140906740508	0.186896081379655	0.178144843790463	0.380727992702681	0.670371145522354	-0.406495703057997	-0.604918059240214	-0.59033706342709	-0.311117133985306	0.625182419925699
41.25	78.9166666666667	-0.465173208846887	-0.182317611226552	0.0693349887261668	0.253921054481452	0.444987515896324	0.295397933695587	0.109409986308105	0.140813859567073	0.135806120005813	-0.211842203239299
63.04	251.28	0.158480579328506	0.377698485845951	0.0350217718518212	0.100430141085	-0.0636688920681695	0.37009514414107	0.620460765065765	-0.185167922777083	-0.343000215725641	0.189041132285339
61.55	105.95	-0.444211530923531	-0.0355675988888321	-0.107234783700862	-0.326683264278794	0.37150566411521	0.389219770807661	-0.514599145354584	0.193342606269737	-0.3829028971993	-0.419147326022947
77.9375	59.25	-0.0752520121903572	0.127891816749814	0.0603891414355214	-0.0937314411661486	-0.342592216772114	0.114460782477512	-0.390020050771473	0.299388923020717	0.0943843325400413	0.461780146712127
71.45	421.766666666667	-0.385922565970736	0.270265301244691	0.244231994190447	0.166428963159718	0.00509085653320026	-0.542849754778331	-0.0869887606409809	-0.0250229566174333	-0.11046009702758	0.286296299227068
80.95	142.85	0.140207662012173	0.0473684210526315	0.380296738829503	-0.217007314070879	0.312227907957221	0.434777055794829	-0.587213039127472	-0.307944097144764	0.222200996970929	0.00360388160600338
86.0285714285714	329.914285714286	-0.158206502100949	0.206716015733887	-0.0116069464866615	0.274219132982227	-0.253627770719285	-0.0444643417631319	-0.321219335228058	0.115300934423326	0.176096754306374	-0.154920505750345
84.8	201	0.261171209680071	0.0932167165356919	0.310765045819597	0.158045984710922	0.226369660317107	-0.346108713125067	-0.396611047490228	-0.309611722517654	0.397239710627582	-0.141580966745491
93	234.916666666667	0.164999313339179	0.290932907955758	-0.13441040750766	-0.314176328866388	0.0825922660424998	0.33067479185938	0.198948682153871	-0.200387253703451	0.341281154918614	-0.0226488621683072
97.75	386.833333333333	0.0428440348538936	0.113804258283158	0.26867657095081	0.128732361815424	-0.0196574451591632	0.0565144022355315	0.0966537949932085	0.384202336471361	0.405380158628823	-0.69589008188303
96.3	175.9	0.197334159950403	0.42802231866088	-0.522276534886281	0.379340504612318	0.036134709239198	0.537148749876553	-0.201385701521062	-0.316261918311433	-0.299243873275803	-0.107526340001153
93.4166666666667	462.666666666667	-0.18931705911002	0.330189148088143	-0.198170481891603	-0.00686273090720213	-0.364252702473484	-0.377048534652124	-0.31824581135076	-0.0979262813786741	-0.0984874912845244	-0.311186801955936
92.88	109.64	-0.29369489230841	0.229425391990383	-0.0733643197891337	0.238143044484594	-0.0128484651384274	-0.0944795747104332	0.611345782602881	0.16726164387203	-0.0500256602157635	-0.101565652655121
101.1	279.842857142857	-0.0182615401946257	0.0707232461879305	0.0888960573626553	0.0637542044883515	-0.0278108175912317	0.0592473524863972	0.146815951133396	-0.0957451943561034	-0.249420369589159	0.101712103465903
107.8	428.8	0.179439849490611	0.0383727947179725	-0.262149855703557	0.107268204111637	-0.102266161911044	0.389276057657291	0.474882877862535	0.619270555585042	-0.0425640736197406	0.134705748577118
125.442857142857	99.5142857142857	-0.269750964394894	0.445792765959117	0.0697972910417725	-0.0377986779614258	-0.359111203843433	0.0719187092699389	0.197804563432932	0.233074780572627	0.258799947150237	-0.248081704243744
124.375	54.375	0.187201339967486	0.11542440514311	0.469613743578212	-0.347859573551107	-0.557957181972275	-0.473847588132462	0.372094408223264	-0.0317136443852199	-0.0149372473248053	-0.7625646044636
122.514285714286	156.085714285714	-0.487549242111158	0.445634415351996	-0.248451497280979	0.0760611748755211	0.07485276336799	-0.228488561484214	0.0432916521231635	-0.21312122755114	0.0218402387394794	0.107585520124106
127.6	319.3	-0.0633412042502952	0.147343565525384	0.220373898076149	-0.158660782076837	-0.180230309970569	0.280864091752406	-0.264724712296217	-0.715218386522283	-0.0820557110575736	-0.266884897285767
125.785714285714	211.928571428571	-0.173199940493901	0.174241297232966	-0.0340008170080548	0.103098820004605	0.0537119924044854	0.0874927152967446	-0.263912189822681	0.355654544462355	0.179414364916941	0.0702139661535702
134.428571428571	359.714285714286	-0.0860073645449763	-0.0740564176749079	-0.313130344082962	-0.553859032642427	0.35292510844748	0.194055781718551	-0.137577352845607	0.346260587807829	0.0393561120220405	0.0501714107611269
128.2	251.9	-0.0877256317689531	0.0614620938628159	-0.00536888746501543	0.159783713629785	0.324808931572642	0.323404554215011	-0.224182246560521	0.836549514283644	-0.212184807276333	-0.0358769422573133
134.416666666667	462.166666666667	-0.335353942377603	-0.0761757929868514	0.120068157605611	-0.314553454160454	0.252000674051489	-0.080773211449215	0.459384790778015	0.143720761003959	-0.326458861695219	0.563525724340839
149.75	408.5	0.0521653543307087	-0.094488188976378	0.374622346860101	-0.416370771658916	0.118617059795081	-0.0238390172573712	-0.313676152487826	-0.0325451550339248	-0.0499221727425165	-0.17390361649328
147.416666666667	284.166666666667	-0.0706138970580256	-0.0323823373015442	-0.312415332578241	0.0762601141117701	0.0156075777020433	0.100285956412447	0.103321066376576	0.399066296935921	-0.705854672117653	0.166992248765929
152.911428571429	151.337142857143	-0.440954647012789	0.482608076697475	0.398755673439938	-0.269821899789363	-0.00382489577670178	-0.525224125518789	0.044105006928804	0.390406058039143	0.401140908146413	0.00403473127627333
159.6	74.2714285714286	-0.485016315108579	0.29214295914083	-0.0488725975766658	0.221203841147529	0.0296042796585982	0.074925391638946	-0.612658413120788	-0.419074287501302	0.220041325808044	-0.531969926224054
158.666666666667	243.333333333333	-0.17848750267037	0.182439649647511	-0.0909867601812459	-0.241452141487674	-0.249723133927003	0.133769599767497	-0.182097969596329	0.175022393258152	-0.00759049378780787	0.626078808116864
162.857142857143	203.428571428571	-0.106221116246001	0.425862068965517	0.0416910307378786	0.0990964194127583	-0.277260181496075	-0.0039290971413012	-0.00593966613977576	-0.397947035355604	0.215021730375354	0.0216001953347096
161.625	377.625	0.262091364823837	0.0999082115371038	-0.0238513333309594	0.3107545624495	-0.0670961441594625	-0.825881340432491	-0.118819688145444	0.251869201240628	0.0451813531643573	-0.683690777296441
169.47619047619	123.464285714286	-0.102754084515573	0.15070263049389	-0.718466952943418	-0.470091159488999	0.0446314076094266	-0.133972094468686	0.333654822066291	-0.0961955916989944	0.337243932347848	0.500508907903657
161.4	322.2	-0.05121734494402	-0.445814821396837	0.43053595371865	0.0448931781918768	0.21368470408926	0.321562866207823	0.562287798896634	-0.306017484113185	0.601667644126136	-0.504014509959957
172.8	447	0.0144003777148253	0.0756905099150141	-0.131961096695872	0.226614036344642	0.557258203906035	-0.177758136124113	0.2303928607746	-0.765701969664065	0.022698919586053	0.0457912284877631
183.885714285714	343.057142857143	0.00743573382936599	-0.433798868785621	-0.509986185960294	-0.000278239135313171	-0.162951041012434	-0.194801830396824	-0.164667709355744	0.419122757637795	-0.147413497116443	-0.000442940829719733
188.94	66.08	-0.149978274910457	0.286450590100405	0.523455882591807	-0.340254240321685	0.07607704241873	0.440478157834599	-0.332176927526209	0.134096092186483	-0.287212801458918	-0.596614329754197
184.416666666667	285.833333333333	-0.510578165964377	0.269270373102174	-0.298700301049089	-0.164569608097911	-0.132339833674154	-0.440589965583412	0.231818568804015	0.0238095816095702	0.300755607232848	0.337387745556906
186.759523809524	169.564285714286	-0.224532545020293	-0.0762357491950795	0.256532958071341	-0.0855156356757519	0.205088417351723	0.0828135197559344	-0.538891650922832	0.656741098210514	-0.612954452595943	-0.295319519789457
202.428571428571	419.857142857143	-0.010008421325387	0.157430200168426	-0.229370144479689	-0.488601097901203	0.0322753355530054	0.185645503763129	0.0279358515576046	0.244017305514959	0.104577967544885	-0.0203770825219016
191.75	240.833333333333	-0.166697476004266	0.379495200853182	0.00874131281405276	-0.0362557056820511	-0.772732010623386	-0.418086861141439	0.00750389045530272	-0.032597340626772	0.346000217513883	-0.170584920640787
194.75	385.416666666667	0.254873878350335	-0.0679566246748312	0.0842257259150911	0.326021242491162	-0.141487457643911	-0.0745104931279865	0.248727454592839	-0.167404590635159	-0.0774573950853464	-0.679719515862899
211.814285714286	101.842857142857	0.524826954544051	0.245152566094822	-0.292683746372914	0.358599755979332	-0.0114312118626036	0.30336503400571	-0.776608508005977	0.140623106733699	-0.46267889350846	0.109026717656857
209.84	134.58	0.352549484458493	-0.0573427033942951	0.472099775983418	-0.128714163165643	-0.243963332537174	-0.533529777941769	0.284897430031632	0.344062658555034	-0.176954580284884	-0.658557585867468
204.783333333333	206.516666666667	0.072897276349804	-0.305733424105804	-0.331184841674398	0.1173523215247	0.00866400992818026	-0.1563589936285	0.131392954975314	-0.0156306118095331	-0.622528911291407	0.0141621824400639
210.44	39.12	0.0912899735876655	0.00305585271950338	-0.257774323593345	0.0760077135096352	0.177217082081751	0.144895291670815	-0.53982170084828	0.780399390329694	0.145651628003224	-0.0123456215858422
202.785714285714	478.428571428571	-0.503516809705104	-0.0306639994837712	0.0710524014161581	0.387141614405247	0.483170293891894	0.284015348333242	0.0646282751796424	-0.455890731627756	-0.409200263645455	-0.2427066076463
214.15	291.9875	-0.791179563844029	-0.045904616948461	0.216112510566441	-0.0520511575234644	0.421928129525383	-0.153567843865977	-0.468809674099108	0.118980307846482	-0.0669307002648909	0.347796411389533
223	352.142857142857	-0.373337052255651	0.154669020706155	0.410513123637116	0.119995526091062	0.188419539749136	-0.618312341758185	-0.424180916835956	0.198112857777066	0.149032753870695	0.315693362564787
230.283333333333	170.6	-0.0297819966838469	0.177428489065078	0.0206618652057141	0.213955010025777	0.110233132222591	0.362949533426991	0.504513170172539	-0.259511644658282	-0.588485310597607	-0.572250701077777
225.972222222222	240.944444444444	-0.00638399419117725	-0.0150006866703019	0.554935216586705	-0.0174781550552593	0.260577979937958	-0.1408770936321	0.261015271731778	-0.108842288978083	-0.303454585568597	0.240270843783009
230.5	68.9166666666667	0.292336572054299	-0.0400465819616568	-0.468796817091998	0.158458327376258	0.180362637654084	-0.147166852202409	0.117848979875105	0.0422323142158208	-0.253831369571261	-0.108669693623645
233.2	452.1	-0.0454455585369297	0.154723909052394	0.450736372085327	-0.322621891514603	0.24298945367503	0.338436087339187	-0.673960315324963	0.224142097030434	-0.0727464215991808	-0.328267140935212
238.328571428571	395.657142857143	0.417678041933503	0.216807088341082	0.0459243241797451	0.367964268706491	-0.0187319900221833	0.0327544290099316	-0.0226694849951793	0.266532628407662	-0.148754261168441	-0.0558991358946158
234.9	325.1	0.196429525896627	0.353092094713774	-0.122734307889913	-0.258913906290089	0.549154539096162	0.125005270507661	0.584437100179424	0.241655443456338	0.277028710139615	0.76536544644225
243.1	424.8	0.338314906595501	0.434311856652688	-0.0955846925201426	-0.277426858521879	-0.417953000808536	0.164293652926703	0.475950572667291	0.195018143514685	-0.378104736856285	-0.444539240021818
235.5	298.375	-0.372035977105478	-0.210567301327727	0.533378740322782	0.225288556832113	-0.0600522610717177	-0.457616687423051	-0.426493251450658	-0.553962727139927	0.0697242327359116	0.816377809445362
242.466666666667	208.733333333333	-0.107377392507876	0.136100234925607	-0.10655203510797	-0.115055035378997	0.391978693041875	-0.237116759436975	0.711303229593176	0.575316401468088	-0.0477029581757694	0.291618553737248
245.75	271.166666666667	-0.146475378274697	0.125611443076967	-0.380210819591018	0.127442152709823	0.591061377056966	-0.106810149774788	0.26108689481835	-0.800998370994943	-0.534470881597161	-0.141391325529722
248.266666666667	36.4666666666667	-0.242807648337072	0.246652761657082	0.355787811577016	0.217527581387774	0.342154508503624	0.107169880782132	0.0307268610464801	-0.338779713206794	-0.74133745770254	0.0519329362100904
256.46	369.82	0.261484354207064	0.0733755370518227	0.286100942596171	-0.213331700248268	0.0791807626758458	-0.528571725992915	0.118549023410353	0.676947925617477	0.217328255033521	-0.663714898515696
261.457142857143	146.2	-0.0542700405440801	0.684714623537702	-0.126648580208591	0.366921272682838	-0.659492742977878	0.182781130290878	-0.65035514174043	-0.257318588956665	-0.157310998455018	-0.728610147853184
255.38	101.74	-0.196590110477048	0.452080229387457	0.496102807767469	0.0390685658582373	0.105619558797887	-0.296349159850079	0.0474701549556419	0.158040451657866	0.445943185076988	0.523797458999635
260.416666666667	309.5	-0.0969800400682644	0.258930028938191	0.0850418488356007	0.112287941205856	0.211220967810899	-0.524878136552872	-0.224778120251467	-0.257259617776494	0.546895805611966	-0.345337792318304
262.666666666667	343.916666666667	0.354146164211419	-0.0671622583233661	-0.250090640071843	0.210717715280531	0.31765361257717	-0.461804658784766	0.20626211105415	0.213787801539797	0.639448782173811	-0.212707745825493
271.483333333333	79.2833333333333	-0.00522073188750812	0.648437884782716	-0.0660151306150965	0.103630925649265	-0.0448162229690896	0.00354053299099348	-0.0509254345272502	-0.245615472049049	-0.26941290435442	0.132413125699349
264.472222222222	241.444444444444	-0.322347541691522	-0.0837802712492162	-0.337479353700835	-0.215168318134557	0.492138940216186	-0.254300636047751	0.0625110088084386	-0.3752204512181	-0.741057897245528	0.0253272242944039
274.083333333333	200.666666666667	-0.201951615494542	0.479921529498313	-0.221285698658403	-0.319400975308612	-0.658060303338612	-0.391225863965005	0.0970177742350335	0.0759952475618445	0.572685535440005	-0.0300649284424495
270.166666666667	451.166666666667	0.146314765263926	-0.0659815130138651	0.108892322467042	-0.194390040994103	-0.44541924502027	-0.381402340694857	-0.700149218777926	-0.450246202510721	-0.779075064303538	-0.151373700391149
281.583333333333	284.5	0.235988964585327	0.378627329542256	0.318783127871931	0.127123196677277	0.190009645025084	-0.112252418760344	-0.0357461032695239	0.647830106529249	0.175050594361801	-0.202955360464405
279.1	393.7	0.243710623506409	0.380968933304367	0.117746728204596	0.458646936392224	0.304772758730104	0.212458882072141	-0.276347717808738	-0.152648458938387	-0.0719638421962745	0.692684288236452
275.6	418.8	0.182662813958658	0.197910646810402	-0.11729235744361	0.0980128647968211	-0.68004171241495	-0.0287039712974302	-0.700254845133656	-0.44244925878203	-0.312096420374364	-0.469985680993049
280.5	481	-0.0195975960282206	0.0209041024301019	0.520701498375419	-0.0156490208544662	-0.392957427579806	0.776221071529594	-0.030179372851241	0.0341945179163865	0.296989494268149	-0.0823726724389248
293.316666666667	54.1166666666667	0.133337177080218	0.457289365673659	0.0242618697592529	-0.252087521926959	0.445999967555289	0.252051480616215	0.223616270622234	0.195947324221971	-0.466262152854831	0.536448183673959
290.483333333333	124.366666666667	-0.450619215974605	0.17975505456916	-0.342021052770123	-0.415914032521977	0.71608907575823	-0.233954762008963	0.279041252346273	0.699565729939253	-0.722408448542167	0.450278975891109
299.433333333333	255.283333333333	-0.204213032395556	0.39153992412634	0.084788501527179	0.38446921766078	0.164822992868162	-0.712060950277534	-0.245386577942067	0.312083977561641	0.0646806323790501	0.390907414934976
296.714285714286	369.285714285714	-0.101714222209874	0.450156974967355	-0.258284860550141	0.194936519971686	0.0408130093953276	-0.210891716120362	-0.278766065230604	-0.306247207968031	-0.0288264323326931	-0.227052893533235
299.642857142857	323.285714285714	0.105769070027918	-0.211705311021582	0.322357255178229	0.0211849651133035	0.390535663403917	0.0726616680596241	0.406664258011161	-0.0707525031215654	0.288707938425815	-0.688571088414622
307.083333333333	463.416666666667	-0.391133420696089	0.146880483308531	0.186919167258239	0.0698956218582129	0.465829008028359	-0.28698392383332	-0.074254351408781	0.00956577829188549	0.267711750940562	0.105337083314913
311.38	28.8933333333333	-0.0999484672782286	0.393144490519185	-0.24367982967331	0.156221816540274	0.218282951047172	-0.00780965918726148	0.22237518790765	0.362647218835344	-0.136944768419734	0.318946785633017
313.62	221.24	-0.444957522111031	0.290377976904238	0.158210534805012	-0.0585576239215407	0.0396153221058263	-0.691155723125918	-0.499676071303351	0.546127535291571	0.438006110268374	0.532391608718719
309.94	91.12	0.103159221872903	-0.307431323899041	0.192684405820505	0.310030818979273	0.471196816924127	0.540946591496908	0.781535157146855	0.209318633551925	0.567825253213915	-0.138943617266978
313.5	162.583333333333	-0.358817775160742	-0.00638219064895107	-0.59769797780051	0.068190861413725	-0.252386860237639	-0.692505085266173	0.648724220376475	-0.499410735244382	0.820132582407553	0.402312660704604
313.071428571429	413.642857142857	-0.0719993685996726	-0.279730076359977	0.311718173136778	-0.165357887377376	-0.219875466298021	0.447576950698051	-0.132685516400513	-0.153352012228381	0.240326866287406	0.317195212885924
319.875	347.25	-0.101458173445894	0.0632386799693016	-0.330593409521651	0.0369439560525256	0.790661215983236	0.502778078843462	0.0997389333243619	-0.0788017962273631	-0.183334154393269	-0.036664962919119
323.34	115.82	-0.207612660109592	-0.580182422660513	-0.184014186217888	-0.450547106517408	-0.452834438142977	0.373006925996354	-0.302956639288611	0.128494908997757	0.262890505418699	0.561632991673837
332.714285714286	292.785714285714	0.229855764740417	0.0865144702256261	-0.0138232233178134	-0.137698631017793	-0.00327682965704579	-0.028480569064013	-0.454255990488627	-0.120466835986422	0.171358389137901	-0.440601460934616
335.333333333333	442.916666666667	-0.248808227122912	0.0956813262982192	-0.299424476530381	-0.00987328574061344	0.56880702464494	0.4517594950315	-0.133879597773546	-0.322054127611184	-0.0804096102807178	0.371400714147715
341.916666666667	484.666666666667	-0.0865653873730063	0.35362075729495	-0.0716868784644745	0.253261298760939	0.333388840207811	-0.370420683318172	-0.389542609230151	0.313325446722016	0.184026411222543	-0.13362447251652
339.328571428571	66.9714285714286	-0.20941080094339	0.0966095831738804	-0.0700406041894606	-0.448161323506027	0.531200933702687	-0.208254228084589	0.0869948857574662	0.136139257454435	-0.485908316189683	0.49630831798613
337.02	260.84	0.381525579423403	0.151997950819672	0.15047361225919	0.252266120732975	0.308900753640512	-0.293820057203594	0.12230128010463	-0.388800862947671	0.406880286690991	-0.272623211167975
335.5	377.833333333333	-0.371361225692398	-0.28285209192693	-0.0894730812262536	-0.0335337531654592	-0.0410391363218094	0.382444430626313	-0.0830355393636322	-0.133430103288401	-0.338094868986459	-0.0393790859372808
353.714285714286	132.142857142857	-0.00989466236033904	-0.118941373840202	0.0357697960802608	0.433265503985906	0.187806612993049	-0.360342076569355	-0.378223333458115	0.211982783144979	-0.359960633295005	0.27593406042132
346.142857142857	335.142857142857	-0.165949084412684	0.273675748101831	-0.308192822080203	-0.411248356183542	-0.413899580017769	0.183466981294927	0.399804003295691	-0.126280437976016	-0.201922768646921	-0.167320701082324
345.7	179.4	-0.473118932038835	0.202427184466019	0.491742286320215	0.0421852551960898	-0.27768357967938	-0.426448295179661	-0.308722439995201	0.527553150702701	0.871238034023456	0.193540702428027
353.916666666667	232.5	-0.280862112468562	0.444990680525146	0.23537378992293	0.0670894200694086	-0.100059850254948	-0.62898252555275	0.126529626287776	0.406859080020174	0.58234339323161	-0.117582008748821
348.833333333333	408	0.0887157200659374	-0.0840701333732954	0.127499921786628	0.144344444391993	-0.238116293839649	0.293837845902375	-0.406887173467395	-0.0844194735079887	-0.805781058103788	0.318404417953459
365.1	464.8	0.25631180919139	-0.0259065348070584	-0.0333189057278289	-0.363636832086815	0.0506547750703453	0.121083232309557	-0.80165353153731	0.0934067576439536	-0.187732613186508	0.152974574845121
368.1	435.1	0.284147957749307	0.226274147556127	0.0357340192020597	-0.0151035670186235	-0.273062314111605	0.468030140802477	0.223810733567247	-0.686056050826133	-0.520338701424169	0.11878707765795
364.8	86.35	-0.176587783894569	-0.343976549653249	-0.0409018143999981	-0.215356035247284	0.149591815597222	-0.665757239841013	-0.216100653974009	0.168402938690721	-0.900473293358398	0.196894812534164
371.5	376.714285714286	0.150654190626941	0.0807870323989661	0.414327624240583	0.114291682276912	-0.170676250103275	-0.242597424526032	0.211769630474038	0.291581655052806	-0.377454712049595	-0.167016412468299
379.416666666667	207.166666666667	0.00549408371623781	0.391275263463795	-0.101216659290307	-0.179270354227886	0.132952976769048	0.105322104155188	-0.212926022100056	0.0870497010163693	0.103896556288339	-0.193803680355207
372.416666666667	273.166666666667	0.367686544367092	0.21595896908211	0.525498910203264	0.407035302588005	0.256711885179436	0.251809303358004	0.0311818870808183	0.45618811853257	0.321815157814325	0.324639187712255
375.7	168.1	-0.0317854283426743	-0.153002401921537	-0.0872214775813927	-0.299387824962682	-0.0302061547495315	0.0783706514864842	0.304823750744378	-0.757450200814433	-0.0934569351432085	0.0840550685131327
381.571428571429	306.642857142857	0.0773253074315594	-0.0579141775730768	-0.423534607849712	0.175627887956929	-0.62182976366032	-0.0339939004657995	0.0987258993214753	0.273779722452709	0.0804430119835893	-0.358666519541031
381.55	54.35	0.0989580798071459	0.0231076805396196	0.137089561491447	-0.00605553747771898	0.153975295044609	-0.74343033409363	-0.52336120714466	-0.50326852203631	-0.279752309958411	0.0198586968829566
383	491.214285714286	0.547163498734918	-0.277523367417352	0.0838626281730578	0.0447577529387374	0.35651470188495	-0.384298589050813	0.212600167481454	-0.362299741010862	0.034066389430494	-0.448822353529728
382.4	346.4	-0.159360563661139	0.293097145136096	-0.0689428863820274	-0.135345329449462	-0.667429824807721	-0.282366790668499	0.233567695442703	0.714955614899718	0.466466042393952	-0.420805398609962
401.416666666667	248.5	0.392263076840565	-0.00202272500900272	0.188740120863332	0.0680961140467598	0.487782736445997	-0.187291412280625	0.032315174535599	0.330529420473916	-0.0285716820041653	-0.530880180965547
383.3	411.2	-0.110625849779572	0.331424333566808	-0.00372980691314919	0.220980392071978	0.107683263529641	0.30228304600402	0.425437728223485	0.296719325659571	-0.545459011429841	0.0694369075928286
395.2	96.15	0.0491098124148883	-0.229664879423928	0.376548711667629	0.494009277857555	-0.119762830282701	0.0190787217238063	-0.0457503030921667	-0.106040319266564	-0.113622775238436	-0.0598265767177373
409.357142857143	137.785714285714	0.21887576423102	-0.225939336380364	-0.189925039231959	-0.223642411253859	-0.069027061895776	0.21693700777081	0.084492367135171	-0.0779717302383931	-0.377445053358155	0.106470491516494
404	181.1	-0.277220964902827	-0.0434673276574344	-0.0321332141883372	0.282779101406834	0.241080873333029	0.259838518176718	-0.307235359245465	0.559710096329971	-0.271214623262248	-0.300836490750515
401.125	467	0.249523677555686	0.0584750753455502	0.318255086020157	-0.460968348533753	-0.0192140480231839	-0.755068884197419	0.30629975110337	-0.277633469120202	-0.0415534617241044	-0.803622176289919
415.983333333333	403.55	0.288863131092405	0.525186691242138	0.360662383827661	-0.436888597282235	-0.32130640482716	0.269777057335436	0.652892777811276	0.00160614632430783	-0.12695701559883	-0.227638753018812
412.25	439.666666666667	0.296066157468558	0.166082811692414	-0.274467604324268	0.308483966662807	-0.143204375231417	-0.041035421372899	-0.130048420048905	0.252556908642807	-0.365850054297932	0.178768911426441
415.5	374.083333333333	0.425923544829633	0.346095643143267	-0.301678296014927	0.0514414325091834	-0.154147984291975	-0.121115597757637	0.0374254347867975	-0.566795517814613	0.572061069455761	-0.511807580018656
412.975	313.425	-0.113861678180548	0.437876271054878	0.718463153760723	0.216808897408538	-0.314463711488567	-0.722747006500118	-0.390439629124017	0.640446201757452	0.930203061769279	0.193928567997037
421.557142857143	287.028571428571	0.183027588273142	0.23816336854927	-0.477893005281792	-0.0509356260479805	0.0345581608802153	0.144401016227498	0.0948625840045733	-0.349773660409429	0.0403569404300082	-0.389170487257766
408.8	339.5	-0.303426351112681	0.244171670787708	0.00815176242417594	0.0268111991898828	-0.720812758333081	-0.0107621944128146	-0.446014313125116	-0.528054376245364	0.583467468670107	-0.609415783346059
428.5	57.8333333333333	-0.0693181818181818	-0.362002840909091	-0.133002354206889	-0.063406513314444	-0.149246627960905	0.0103519077865117	-0.233021973357799	0.591938727868217	-0.281224452140369	-0.535781156328407
420.916666666667	216.666666666667	-0.23177555538251	0.236859377259631	-0.705150642009532	0.260319947704317	-0.207931123028296	-0.182561298634842	0.45454784541379	-0.516710419413076	0.332153168089655	-0.369033263841008
435.460317460317	475.65873015873	0.0916675160933695	-0.115943746889599	-0.353024403937892	0.134506735302002	0.0918209210457901	-0.696412197722387	0.396762594940926	0.139194776837566	0.0833268664909291	0.22976115840647
436.214285714286	173.714285714286	-0.239059220463328	-0.0983542242884325	0.306155433741662	-0.17628340518822	0.171191568133801	0.251920616881107	0.0787995871418906	-0.607405481818414	-0.627669442715888	-0.164436765418609
440.25	97.5	-0.174983521383428	-0.218991120933659	-0.316280385590979	-0.0292684322176511	-0.0732342315395056	0.205498848438374	0.0708886311838024	-0.06436220603047	-0.489625446761954	-0.204035346812351
443.842857142857	338.742857142857	-0.301569260455788	0.0814463446478204	-0.00911987383337402	-0.2141752628154	-0.0335392987220367	-0.188896503390838	-0.0266655673418348	-0.147038491975688	-0.423422534444687	-0.0467490432720535
450.02	213.16	-0.0284800312564861	0.361167478602738	0.666419187562199	0.035259739819643	-0.275050909653374	0.354298194065161	-0.182234150157262	0.0406455184503755	0.236771173572881	-0.182288828785034
455.316666666667	428.466666666667	0.0619139572852872	-0.210149095399507	0.0867868047025123	-0.426309400166268	0.0161918625085184	-0.209931537506165	-0.0162549008305821	-0.00349798069682505	0.138363775165741	0.415757210069044
455.228571428571	252.9	0.160460994364955	0.10385412985533	0.0298027976785258	-0.0731922752938229	0.203444374587887	0.434281590922422	0.3820809494172	0.356324849439082	0.502192882828313	-0.118140695907513
453.8	135.3	-0.0142539394129256	0.0431064189718367	0.398479546408318	-0.117347573705851	0.711883265589884	-0.0453096146788087	0.656132428009902	0.276758904612521	0.163539855246103	-0.0271435806839358
460.066666666667	388.216666666667	0.0974834908442412	-0.242298226427845	0.171328963120202	0.184538054074187	-0.228417735879952	-0.375779064447829	0.177135849669089	-0.663674836385741	-0.359860074402737	-0.561768504195405
465.2	195.3	-0.150050578846802	0.465849911955341	-0.286889962761148	-0.250786990606887	-0.0240034493921587	-0.465576319987955	-0.23486125395024	-0.259131522211003	0.532749952611474	0.614989972922539
462.2	59.5	-0.265801729873586	-0.168829008649368	0.0631992428100402	0.0284000099000478	-0.260281521237618	0.249535628779456	0.0731280511494087	0.784277185245468	0.374385576675278	0.0130249127446664
470.416666666667	299.666666666667	-0.080822552325143	0.172740297092629	0.0290055132893126	0.156906376158845	0.121348750829375	-0.0402550047518911	0.447423548993481	0.0814896450632667	-0.470835702913762	-0.632566668829686
480.916666666667	99.9166666666667	-0.336777201676497	0.184962482642649	-0.376051954857403	0.128986889654888	-0.152103263125177	-0.176367331594011	0.0326422316471296	-0.0884020430062096	-0.20212214812148	-0.223071622833419
482.4	454.109090909091	-0.0198847001747255	-0.460639498219244	0.0856009860783522	0.244905194479457	-0.115282682416303	-0.111792855080799	0.0236134937579112	-0.751622314410517	-0.257973939612423	0.00224021980941821
478.5	344.625	-0.69168073586773	0.0204925190661932	-0.432180944400031	0.109606535662207	0.115325562956917	-0.266124295240876	0.81497978801374	-0.232582244854535	0.455184420303581	0.303393338199845
