33.4	151	-0.122949073087577	0.686483415015271	-0.265371230744264	-0.0657224514312967	-0.218769015768618	-0.34047653895569	-0.141594142655847	-0.265700800888852	0.513635521646641	0.361870357285824
36.5285714285714	240.157142857143	0.0940413438599905	0.37205246328476	0.411649472948493	-0.121613700710618	-0.167835538377451	-0.169529739044047	-0.0319056563444168	0.0447065386233325	-0.127661923322782	0.0819042360237764
36.3	448.3	-0.385294488586202	-0.133181990162694	-0.308498593288858	-0.103147197954389	0.340946560804973	0.345030013737931	-0.450339226523579	0.171879404927076	-0.0651477740348726	-0.359358682481102
39.1818181818182	38.9727272727273	0.23865254808538	-0.225021552465655	-0.132939417784844	-0.329996865848663	0.142328808444431	-0.0925147418848918	0.2338679006069	0.495769341746547	-0.0316141563028829	0.0259650544097772
32.8714285714286	286.557142857143	-0.710500913379857	-0.156629071941109	0.0497405604243198	0.157208488115718	0.574009775830411	0.147652253290227	-0.299845555628619	0.0664745967543886	-0.512639062541155	-0.0766428980486162
50.4857142857143	113.1	0.395407946647076	-0.255428555072678	-0.0940487919159492	-0.0042471684425217	0.298043937559301	-0.163030948298961	-0.472111085538022	0.458965129976338	0.228441556921416	-0.179692421606178
53.7321428571429	325.285714285714	0.10907698894614	-0.564710745719028	0.290448630284765	-0.0434771296596317	-0.474966857537816	-0.171121998322516	0.0364597442601809	-0.467915039641155	0.0699236001065169	0.348806200653144
47.28	212.4	0.223625283642406	0.478849366896342	-0.364325555580135	0.467605473802613	0.104288543040622	0.513069884700507	-0.347494127033437	-0.0826734050402522	-0.489639657800602	0.150227186218797
48.3142857142857	390.1	-0.57854096049949	0.141056666844754	0.0628236758004766	-0.147851650567208	0.204466353734215	0.161980191738648	0.41314753310293	0.218843688508729	0.141518053417911	-0.563283463541938
62.8181818181818	66.8106060606061	-0.291688530545725	-0.201227410709753	-0.176711577226828	0.3676101859329	-0.0614360594094494	0.313197589927998	0.370494028059634	-0.621662778847584	0.341891873380033	0.219266598925998
64.3	148.7	-0.208434655735427	-0.372264295143473	-0.110068098597827	-0.319006515713114	0.107535603030023	0.668151504613256	0.307484911953616	-0.0467499469454818	0.409879372248401	-0.487018326877254
61.1	277.3	-0.312988250238171	0.13026357573833	0.159320891527899	0.106849222202448	-0.275456357848891	-0.113332510638784	0.223448832142622	-0.720993198385812	0.402601475844394	-0.0467538827554262
75.0892857142857	193.017857142857	0.0712874864033864	0.599809941922335	-0.161689077986075	0.0108382308241222	-0.346664545831681	-0.0672290379286065	-0.0882622291813699	-0.463448332350096	0.403221815146507	-0.566393479813522
73.5714285714286	459.5	-0.163757714805791	0.454592857346012	0.35293633991202	0.210875307995775	-0.21042957299002	-0.593066626691599	-0.449438956004313	0.0777875215508215	0.459165325530757	0.0766251048311202
89.04	349.04	-0.0848614623492205	-0.229625270774421	0.522410444786491	-0.108501636878222	0.356366240763048	0.400110079680436	-0.745523213248025	-0.471475535145756	0.434043566336422	-0.447320275562189
92.84	422.54	0.000525796214430174	0.517755200695192	-0.0400929252006059	-0.138581953759052	-0.0611481700856589	-0.440246622524235	-0.232569541972318	0.357940689558975	0.667626354702085	0.225636198683145
89.0857142857143	246.9	0.356006700842644	0.142618618769917	0.215605833210768	-0.128357628553441	0.0844766802111139	0.160134513827394	-0.00591810753146193	-0.028865038430483	0.161917969653189	-0.296911476786264
96.0428571428571	157.528571428571	0.432851207380908	-0.47165861180994	0.165826650060726	-0.0372217542605825	0.180692656083835	-0.666854465469997	-0.0358804164963177	0.267477453261077	-0.21925723907859	-0.772871026343471
112.24	380.74	0.0172389405565969	-0.174578630464623	-0.329731681436527	0.236608973141741	0.533046381235841	-0.218656004993298	-0.387209838106363	0.735008606249572	-0.01513859343557	-0.507311839148736
95.625	45.25	-0.00964865155259499	-0.496056731492425	0.0588889151955322	-0.0467435985013048	-0.145878183917946	0.779369245348549	-0.0692084868526611	-0.0837913967447867	0.974502112146953	-0.0290753427600398
111.25	80.3125	0.127444722264604	-0.194973703958574	-0.266878749933898	0.473885964502754	-0.22940487842129	0.03895640814837	0.245180418554308	-0.236535066158397	-0.136036957147447	-0.0951372074076262
99.1	124.4	0.360640485750661	-0.0808931544412888	-0.0846415953750879	-0.46625632640971	-0.522302691258687	-0.404484428381464	-0.704006006571923	-0.513185203602173	-0.816936060140374	-0.121651391959046
94.36	285.88	0.0781696902966445	-0.556181904310753	0.305623038896535	-0.266980998792463	-0.37199886412343	0.0853217753619267	0.0165937215236506	-0.0456416740629234	0.297812216583673	0.0438052309749878
115.028571428571	315.728571428571	-0.0407630780546104	0.0338590604026845	-0.634277275200549	-0.0432758800832684	0.379257628905189	0.190723461124098	-0.0643039607178589	-0.203040152656996	-0.0298059924431251	0.147264747111683
122.242857142857	175.428571428571	0.236000639830129	-0.289250678061736	-0.382709552828243	0.168663238984291	0.480745240469886	-0.175423347036667	-0.724687508324053	0.348317937149644	0.388232724879572	-0.58341190275767
124.942857142857	466.028571428571	-0.355761194029851	0.110571553994732	-0.358185014277506	-0.0327213981386612	-0.00247188097211897	-0.397582359932362	0.362265611898737	0.14934091525819	-0.200254813832975	0.403008319344984
133.666666666667	217.916666666667	-0.234842259459073	-0.0987530815677589	-0.156827856796454	0.190179153619702	-0.45534219408508	0.128920873986699	-0.0662865985106299	-0.28060729707565	0.0366466734123707	-0.67574318558813
133.916666666667	28.5454545454545	0.428543707819621	-0.0498607984170537	0.735059977908838	-0.253800267310709	0.282003546401809	-0.116188072476787	0.496659864665881	-0.349543290101975	0.481135527849366	-0.301916463629583
120.625	348.625	0.00111141983884418	0.18866351764379	-0.567621716942257	0.514392841303371	-0.563538088867297	-0.477058041273907	-0.254445116381182	-0.27747217240461	0.252434963738221	-0.780584655982033
135.35	415.45	-0.106552436162163	-0.358222929037719	-0.0622345329350214	-0.0305167654295942	0.0963180805923174	0.227152325493123	0.135455009016127	-0.11345646611988	0.0894865831748464	0.51290295803068
135.466666666667	269.65	-0.00309582526828508	0.0859573012153791	-0.234495310738283	-0.0493448647575066	-0.513256478958234	0.146830632858537	-0.597251616749935	0.503200981355478	-0.149970506365281	0.393438625979894
143.3125	131.375	-0.369060489559648	-0.138131644906844	0.0716204594589754	0.22831566193553	0.0653972784614943	-0.147248502197683	0.0203217888263707	0.145248147523943	0.0974474040197198	0.388535496163256
152	48.625	0.377499194807125	-0.379159130887199	-0.0609994596113913	-0.157623477444371	0.422405870464408	0.293578149072373	-0.265810165769551	-0.116782836341845	0.948281813264883	0.0830959443733539
149.3	358.5875	-0.290822263231296	0.0343579064600892	0.0419082497359103	-0.371329361772365	-0.00647565615413773	0.0089131570886413	-0.267957146541637	0.33245466144211	-0.11272675848312	0.0669940605967971
163.8	474	-0.141942369263607	-0.0171031387680268	0.260300072331642	-0.41522877532128	-0.601793809930161	-0.0460721115402406	0.367066826529295	0.634813367475212	0.125218173270812	-0.229833037948558
160.75	306.583333333333	0.0644228874241794	-0.176911117437099	0.125909224201215	-0.142781646597069	-0.260152952498437	-0.18794137477626	0.758951571270908	-0.340399118574032	-0.448226931821069	0.593243198751198
171.666666666667	76.25	0.310812973908713	-0.472310984900135	0.26750490770036	-0.0179187522706749	0.00211721211236779	-0.265544965061021	0.306760670434069	-0.469315731857472	-0.406849651685528	-0.0589144335674604
166.516666666667	436.783333333333	0.516714930325688	-0.137955543280927	-0.0705684304702217	0.263761993531493	0.21441745480057	-0.638302023221176	-0.153389999993913	0.262557553674584	0.0684146579212056	-0.493708269220589
159.916666666667	179.75	-0.0726865271721919	0.302170365137749	0.309534797801111	0.250038942166223	0.234575106822295	-0.136116412812115	0.0590687826786562	-0.0849010949332154	0.0881963591224375	-0.079528502526442
173.3	221.6	-0.316850965505859	0.174352203333883	0.427090126472859	0.0966926926117718	-0.340986260710108	0.0638836012378125	0.163175333930208	-0.154833487559946	0.580617137720719	-0.266602130580158
179	400.333333333333	0.193207358694747	-0.0107383667693333	-0.0441895575209389	-0.0475683937413793	0.0804633754906456	-0.377627395738181	0.176842123680377	-0.225159287578129	0.200197476916369	0.630987553222978
188.666666666667	157.833333333333	0.10346105159159	0.576183272098552	0.0305955111205884	0.19517021981471	-0.143417353680742	0.369743425864654	-0.431530750723111	0.220941960782455	-0.160195864892282	-0.119742143650843
177.2	266.2	-0.304665358622193	-0.102708742097231	0.340976491572977	-0.304605321330025	0.0899620630206013	0.039348039659226	0.409287658551907	0.194354094262654	0.00871554242425189	-0.331591997267651
191.083333333333	110.166666666667	0.0411046516395122	-0.357699845027346	-0.207624425751463	0.0935599262121656	0.0531249768643249	0.463477941027547	0.476787038599953	-0.241920407412906	0.152712128893299	-0.128287957409501
194.3	38.8675324675325	0.367214565469929	0.558332052748657	0.0541064644987066	0.136851247125768	0.0169839421563074	0.562907866516101	0.184459310215261	0.0544907201362206	-0.402333697730055	0.46669529875706
197.4	323.283333333333	0.265020287077933	-0.31823603574151	-0.0190433560780489	0.154626042491252	-0.316405202427423	-0.354106641086746	0.15661325523919	0.227995584952823	0.191266966056722	-0.00573008158230087
196.08	362.54	0.150851804559692	-0.145415752654727	0.0944026681084186	-0.180978483163205	-0.26516836217038	-0.141833918210573	0.649460155990555	0.477237456886972	-0.240530763950259	0.0278342427371386
212.428571428571	207.928571428571	0.195424624699013	0.467759996794323	-0.0667287341246793	0.110837381675914	-0.174781498218262	0.279561773413937	0.0592633785485185	-0.239998572577385	-0.0514196921708584	-0.122308771853682
207.666666666667	279.666666666667	0.0781116444210665	-0.655927411401144	-0.0801688294665212	0.127827285466004	-0.697944145596308	-0.427533346528472	0.142552218661061	0.0574235885073689	-0.398405356681895	0.483717503688598
203.166666666667	459.75	0.0574190117715751	-0.090460749251895	-0.0302153674021891	-0.304673872308921	-0.485341694508039	-0.569118967144134	-0.562657547399679	-0.139894535791861	-0.647920365259818	0.440905907814287
207.6	243.3	0.283181564764914	0.21267422412191	0.159403086458965	-0.20131906303286	-0.147379364820693	-0.0205265300475158	-0.539844515955595	0.0691975882576707	-0.111681996326376	-0.353234920366318
215.2	143	-0.256051037091655	0.369473920430866	-0.264253849930043	-0.279975368399279	0.281253839047664	0.0420301125765598	-0.0675664590990841	-0.334973030345178	-0.52263758294926	0.463755032643853
212.2	421.1	0.257700892857143	-0.209737723214286	-0.129030474369175	0.0238412063916109	-0.531665922919124	-0.555929771070626	-0.685011544038413	-0.244676839962132	-0.692207282029589	-0.0307263559216973
227.916666666667	386.166666666667	0.323161800083397	-0.0783500304718323	-0.158367528955397	0.323203872683583	0.0750004974877729	-0.303277605529534	-0.313046517117031	0.0870198013192623	-0.0329986530235139	0.297586905273977
226.722222222222	77.1944444444444	0.171855790324569	0.303787636646075	0.300689660671158	0.276582879482945	0.144194529351186	0.380681528165696	-0.127093361653327	-0.0675318778376019	0.104713873942637	-0.00952465703024624
236.583333333333	116.166666666667	0.293723481004145	0.153580905100207	-0.17359725294671	0.0118308438752078	-0.187765414195616	0.472728298536906	-0.00288464204057661	0.389679402660136	0.178302927544404	-0.145509123495721
241.214285714286	342.571428571429	-0.161535940297002	-0.0513072636966442	-0.276979543876858	0.0116055863060143	-0.0285923656674784	-0.0796787540579049	0.244665969424287	-0.0515917574170376	0.305463867365955	-0.125401680018555
238.457142857143	185.2	-0.10258041362616	0.569786572279025	-0.210203764500196	-0.27846883994659	-0.0464362025580136	-0.118765973665126	0.306744014673125	-0.141103850374452	-0.0826906903857842	0.531957650741266
243.1	468	-0.21030628280013	0.0772378213300915	-0.167928711014906	0.0629431183743437	-0.0466694144199251	-0.455339548632717	-0.701532152319371	0.30228845216735	0.212932188177089	0.265061022275226
243.166666666667	291.75	-0.137856315982151	-0.303475843235809	0.227612480699799	0.0806049441405791	-0.101855978164403	-0.204192986575929	-0.469808924773182	-0.18949730712391	0.49217428951877	0.237290981013749
248.305555555556	46.3611111111111	0.115153731652717	-0.0738503611802831	-0.384391303762769	-0.375429820554605	0.42835171926447	-0.705467429648047	0.392940624617473	0.140792994469401	0.0765708773028197	0.544035783979249
246.04	151.62	-0.198163337514877	0.228735243976969	-0.0179962480715715	0.0150678794512616	-0.286122178928558	0.104034556750835	0.56970343041614	0.601995268242063	0.0493566794023441	-0.334483347186718
244.75	251.166666666667	0.0995179901380614	0.308703617984317	0.277058172376054	0.205014902320237	0.0659501489801443	-0.292469432057175	0.403907830145358	-0.194499404041763	0.721910932701372	-0.233839101971149
256.833333333333	420.833333333333	-0.23509908823751	0.0931730841684878	0.155215607376527	0.26745548804881	-0.146565814732618	-0.227309266821757	0.102751950620582	0.166296756624492	-0.545831697618663	0.601728921317551
268.677272727273	229.233333333333	0.326515746414352	0.537444445597111	0.0405506177757431	0.0795133067115933	-0.410405811460945	0.257449909205767	-0.486438033252536	0.146282689880198	-0.665545660503715	-0.46927423939166
268.766666666667	384.883333333333	0.119996311824955	0.374114133650243	0.2643324082619	-0.0515255830665918	-0.104687543611995	-0.220065425096255	-0.0746699184298753	0.0565742208806653	-0.223976662701137	-0.150123178654754
278.279166666667	79.4208333333333	-0.302578509793243	-0.527334273780723	0.161894587140169	-0.0709786864853563	0.11106716677629	0.451669853231695	-0.203096858818573	0.0396820800330969	0.410559179938314	-0.393091717530339
278.2	172.183333333333	0.393598054916983	-0.366125616845609	0.0714057569960931	-0.169811881000751	-0.217390350701429	-0.253899377684332	-0.309325405640938	-0.525486898356082	0.114045850039663	-0.00304803467491101
282.6	201.7	0.568104860731841	0.000764609503004013	-0.306525097193044	0.0902983079318591	0.477924787259617	-0.299125742974176	0.0651062159336887	0.113243543338845	0.525797649672614	-0.588374962590531
284.714285714286	306.428571428571	0.270631999271621	-0.285121548326678	0.179684573722169	-0.157450754403003	0.0254709189526597	-0.167496117438742	0.0245741689664332	0.0602753712406459	0.459947095086952	-0.252443625012173
273.45	138.933333333333	0.0198315563443772	0.507457702868268	0.236435645724203	0.179130607091296	-0.346919765232392	0.347899894712167	-0.455327461967988	-0.144410365960853	-0.119336887839309	-0.527824548529664
285.142857142857	354.630952380952	-0.0787648295740164	0.396543527758001	-0.0388640301554621	0.199970036601844	-0.0533714384144463	-0.369089467150697	0.112788643962222	0.348641508831208	0.106238111171459	-0.489772742518174
284.857142857143	470.928571428571	-0.280684196160495	0.0491765990355746	0.0595236780353296	0.0541175213958636	-0.0257797584200614	-0.125396010080618	-0.0952077805177203	0.0272485512400235	-0.593468377151924	0.131596455107615
280.812727272727	269.78	0.176522644293159	-0.171097930432817	-0.100938123695047	0.0716735379815826	-0.608500407447079	-0.287923841031865	-0.760753979001389	-0.119436195901457	-0.469088089697703	0.177076170837607
296.2	26.1	0.479883211678832	-0.648817518248175	-0.325075863009356	-0.0704349806903274	-0.147638611034128	-0.515472177617494	-0.30526023793259	0.316056992406593	-0.0330385845095338	-0.0235443628094563
299.6	110.2	-0.389437663967149	-0.37383369453633	-0.384215974474037	0.231916346959419	0.506436817119703	0.206310968345233	0.235786383445408	0.17531436970135	-0.442792302301928	-0.762381905250911
298.6	426.55	0.0105566956655452	0.607024786056882	0.20161686100559	0.0230518920015044	-0.378324804012605	-0.0365247130783088	0.163204536711205	0.103962653961728	-0.362649566057975	-0.240678472452884
314.691428571429	328.717142857143	0.122640327164416	-0.192355445107735	0.127959029129847	-0.0857566165033053	0.550700515930922	0.221248885225578	-0.79149976493603	-0.208755814264054	0.402567095357445	-0.284977218113525
309.183333333333	395.466666666667	-0.261571263452022	0.502427255282619	-0.339315241300987	0.037017524063141	-0.0482480461789001	-0.436887172904341	0.25336344420683	0.00214410496789413	0.0196274711154961	0.415818150145065
326.8	184.433333333333	0.526478492826485	0.0469801708807441	0.220590245127383	-0.306024668459061	0.31421206054328	-0.267488237253025	0.0290395865442286	-0.0933967527981979	0.487151594853989	-0.412074952822004
331.1375	148.65	0.539036582792724	0.0997147191903089	-0.0906262585153934	0.194781211154336	0.0128906535406649	-0.0196146857132297	-0.147433424971724	0.247417755364434	0.0244100031985479	-0.0651883789484039
317.260606060606	226.65	-0.433233056828075	-0.198127841175232	-0.0423639972872286	-0.150411084023687	0.112993118818593	0.265034458781212	-0.167364785642061	0.0683855803585195	0.272278702051695	0.366728125587213
327.58	41.54	0.239843956295806	-0.0507620333511037	0.31604733732251	0.232587814758434	-0.108155092188586	0.341798614946815	-0.376631145128399	-0.339506690937415	0.00696098079813316	0.548496312048824
315.952727272727	273.94	-0.162109147086505	-0.0236768620772886	0.545400717501422	0.20835574382953	0.271204395739479	0.274893915374178	0.0813564241016595	0.57172663902221	0.263455847926431	0.171472772333717
321.291428571429	362.517142857143	-0.0223013476755437	-0.26610158185529	-0.287408665925897	0.200017651047386	0.0722924913133312	0.763118140236257	0.600999793503975	0.594599106290683	0.564148838005415	-0.2546863004725
325.8	467.472727272727	-0.15186394041035	0.247070704667552	-0.113870390543341	-0.103977459463105	-0.174489489669071	-0.745895661502581	0.635942384526843	-0.498255602283668	0.550974453763704	0.223909817507259
335.2	73.6	0.469357078670043	-0.299632382975247	-0.285145603995182	-0.292251031790219	-0.0515394752478375	-0.0689224483673117	-0.429392517292037	-0.131619382066873	-0.070253327891083	0.561597390034995
334.88	109.94	0.167691564713457	0.217048991199828	0.0601954937443772	0.355979525247538	-0.534097833555956	-0.169336802729193	0.54120543659809	0.290040617706582	-0.304740963554077	-0.436987385757051
339.6	297.633333333333	0.420177717423392	-0.237916986479305	-0.15522449231698	0.0913797187599001	0.305612219423071	0.0831314476229036	-0.306575765988649	0.570809537387587	0.0217565082049699	0.418064399196528
349.75	389.416666666667	0.237632117465876	-0.059935444399907	0.0592065219270765	-0.0900115844178126	0.0808169002265507	0.261237933577956	-0.139347779465225	-0.762742085277441	0.44036650575855	0.688141642994673
345.642857142857	435.714285714286	0.0147514163252614	0.175205181249071	-0.348194987046207	-0.0449956375622088	-0.069291800591514	0.102126176360258	0.323501516403997	0.393909198514314	0.598041188864311	0.21911895328249
347.483333333333	256.616666666667	-0.0914949506240244	0.34913135256209	0.0488587700307521	0.0398618488911202	0.00612096822209173	-0.134736967586944	-0.355247430142949	0.166698031159333	0.767542523581416	-0.011183613808512
351.34	212.18	-0.137492695420806	-0.247750189608226	0.0588244696200711	-0.0346818014930266	0.286372289743236	0.0161500155112837	0.752823499103277	-0.298934920475485	-0.181901247066839	-0.263117539177728
367.4	336.2	0.0407229094141173	-0.179777159363857	0.10652812216013	-0.321251236681774	0.208614844804789	0.332855034642587	0.0281582244307878	-0.0983130764076095	-0.137151610427624	0.118654976579254
365.18	96.34	0.299875023795138	0.0344917772278453	0.163514608481011	-0.253160810811025	0.307180147980088	-0.0855391418240181	-0.36834620077548	-0.74369990021541	0.187326408025478	-0.184264294016043
364.3	479.272727272727	-0.0438245450944486	0.0862726459825218	0.513916432960653	0.470990840349409	-0.500895875211952	-0.206288672806515	0.335784691947408	-0.432470130197358	0.178528421536517	0.54720562191239
379.085714285714	47.0428571428571	0.450252603617135	0.220660741549881	0.138806759437853	0.236989909535637	0.0864399321520669	0.311465687374184	0.45474751872907	-0.0694274846694087	-0.511238692091233	0.0827590335183258
368.38	123.74	0.259100246044108	-0.162892485496941	0.196089865060883	0.0437205925009296	0.230611477911267	0.435900789874486	0.278122421700514	0.689333453229111	0.470833440495865	0.330303409157452
381.25	239.166666666667	-0.372310176256896	0.140574965241961	-0.342241827172146	0.422924329337187	0.265223137804013	0.0764810564126448	-0.145873468413221	-0.572327587005744	0.0638080500612862	-0.0584334495723455
382.575	186.7125	0.0425343592173341	0.389897262821547	0.0136513167947616	0.00107906171670651	0.0278173151612746	0.209630932592521	-0.139594838584789	0.180211340119085	0.0914971952982865	0.252227079219136
377.125	72	0.338254626352513	0.129706407793171	-0.124607173541452	-0.275912471465284	-0.474708452745695	-0.51966124711138	-0.0205860784418223	-0.354326545559545	-0.386977430261814	-0.676981011976846
390.5	450.416666666667	-0.0239396281311089	-0.185479838159749	-0.505946466371636	0.00342412138360044	-0.0213305132906576	0.134574281478226	-0.289071979880937	0.608648994156396	-0.0441946166778192	-0.527726752745448
385	146.2	0.171808419976138	-0.206451337992159	-0.180412713530102	-0.242288582829531	0.115507899997205	-0.176649751559377	0.299779888323825	-0.680296119175667	-0.0510693810477842	-0.0281264193839262
383.3	413.2	-0.0680372969589141	0.0696517412935323	0.435495835138345	-0.0807665929744921	0.035506994882708	0.254683084354601	-0.830577165024687	-0.260628280606267	0.199049050147046	-0.154358776337168
383.283333333333	284.85	-0.219314247583227	0.0928274612948092	0.122152545370655	-0.213385554455965	0.163582945973832	-0.028627275670595	0.29249565466735	0.379807402619059	0.451583507954667	0.481794973326779
399.333333333333	375.416666666667	0.181945578945002	-0.157223042393267	-0.036676249624687	0.0893329257081167	0.600306187613567	-0.437042764869648	-0.163461028684684	-0.0841679645949636	-0.182876061019328	0.124301168102097
404.071428571429	116.714285714286	-0.0584392861308761	0.273883121427738	0.119771525206491	-0.28254740999372	-0.0466197005480434	-0.436352767519889	-0.195109036412918	0.0554853374716823	0.458007505281393	0.486010759418161
413.6	227.8	-0.141871331017132	0.273559362645262	0.220525941277825	0.0187304950055541	-0.534654642728408	0.217999727858356	-0.437309108202501	-0.504195748650122	0.0489453525356086	-0.558937059070281
412.28	311.14	0.147760147345546	-0.142387275263365	0.154083201707632	0.264344796184497	0.155520807737956	-0.257671948305113	-0.558252015394201	-0.469629145367812	-0.108298130659862	-0.0691478418452003
414.666666666667	70	-0.0851520572450804	-0.179248658318426	0.0935938150003569	-0.182836711021049	0.264186095371401	-0.279244383369662	0.730997392774757	0.219817485237587	-0.110734994259965	0.29837093446951
412.1	158.4	-0.330862890418211	-0.0848332451032293	0.254286646729217	0.0187397506911115	0.815725127098952	0.252944763692002	-0.199740719280164	0.563621535834414	-0.570927466633522	-0.368767696190631
428.6875	272.375	0.218609205737933	0.157487135788636	-0.272818164072695	-0.36890129467703	-0.0281669811316135	0.263398205538088	0.293462453828039	-0.390177483719423	-0.313063532970307	0.338508755363607
421.28	340.84	0.413376028831637	0.24022549067355	0.00218533675287812	0.0250206944091483	0.533562454435575	0.419523723057094	0.441153991678798	0.490180666372884	0.340614864409247	0.631399885926965
423.666666666667	408.166666666667	0.0303116247739924	-0.359768851703478	0.0318619368407464	0.333027431100808	-0.242581125045668	0.30178338119394	-0.143360111627033	-0.177144710760454	-0.509128890014357	0.242722859398055
418.9	31.4	-0.431828284752651	-0.590144154442116	-0.162784970662303	0.155778946532231	-0.480033504973533	0.346470919488821	-0.0612868277403687	0.165894742065511	0.421256405892439	0.571480531277088
436.642857142857	184.857142857143	0.0438824038045828	-0.406158428207715	-0.0477295685627013	0.181865373268542	0.240451153476896	-0.0644577201592896	0.161762919327547	0.605663093733108	-0.46075339156957	-0.0729137348637513
443	450.428571428571	0.110400440157494	-0.207553171369131	-0.0379733839204367	-0.167968890727722	-0.389732122574472	-0.0837527031486782	0.408577435170908	-0.477588048527456	-0.317103507583366	-0.094783809746034
435.2	138.7	-0.331065684752815	0.205937716720056	-0.274008036418221	-0.30690413404579	-0.0861799308535481	-0.448691441076239	-0.302614620872667	0.218136419235642	0.385724545590821	0.562741979038513
452.040816326531	93.6224489795918	-0.00976346026162807	-0.350799126217037	-0.0865664958446427	0.263518145277436	0.0668375536884014	-0.382085368345407	0.236443511176544	-0.123652258250187	-0.409566966027715	-0.491013687257763
452.642857142857	366.928571428571	0.203004835572685	-0.0926431490105812	-0.110568722644938	0.264659621053983	0.364761490290731	0.20923902308389	-0.0371668602434502	0.120261477868545	-0.172699535627562	-0.20764054732627
449.4	40.6	-0.334181374887369	0.0453437218423703	0.168143528076717	0.0642753277666193	0.212983978345482	-0.660735539533969	-0.833503404778967	-0.0121915932122797	-0.0156085281966575	0.636468749908081
450.683333333333	321.166666666667	-0.274523503146057	0.226474434241453	-0.0571542896068935	-0.203502587039619	0.476665036232878	-0.515824991540648	0.350084594552754	-0.172759807790419	-0.192207858905304	0.0699211515066621
457.166666666667	221.5	-0.293836866488839	-0.588122981889653	0.121543349764246	-0.126968071455227	-0.0078643393164456	0.709667715209284	-0.176205146545826	-0.113895674443965	0.535819905905313	-0.347773798808898
466.5	405.6	-0.24305844010608	-0.0642234079943764	0.0707508125692367	-0.17330075617848	0.205585052305907	0.163238429107997	0.796017658957915	0.203106707500244	-0.146319120007815	-0.193600481996238
465.1	140.6	-0.228786988046247	-0.224769743288262	0.540869620494662	0.197955978015472	0.367565544184764	0.406661216678484	0.356844754884847	-0.0868062400566777	0.351077323363892	-0.216763941897795
467.5	493.333333333333	-0.550713153724247	0.228209191759113	0.694224202552027	-0.335349118086876	0.319957550229164	-0.320148686160394	-0.622872523631817	0.698892813979456	0.163247584234365	-0.0634420093676462
482.666666666667	168.833333333333	-0.154315605928509	-0.606483316160736	-0.289717881470181	-0.091258253876676	-0.229131658142081	0.638160564205424	-0.0946140821629517	0.370734665229602	0.759273276643687	0.114828881132541
481.52	340.9	-0.356880386446814	-0.0988990988154741	-0.28376544368773	0.180391483417165	-0.0218202566289986	0.00665855220349849	-0.372953168781935	0.250906593868	0.210826459281063	-0.0556577918317828
478.625	464.625	-0.367420586630859	-0.515672863077504	0.135613443133344	-0.310552850655909	-0.155748882637803	-0.177698215286473	-0.64816840274822	0.136354478999651	-0.604334892505394	0.417803027380675
482.457142857143	55.1714285714286	-0.505494250018854	0.149200684293402	-0.301924771447981	-0.0130954805928449	0.0357596067471821	-0.511661308742588	-0.0643080242024572	0.319782356188623	0.570828735417513	0.60019335252814
484.25	430.625	-0.16058313341945	0.0155010149474072	-0.433195399124102	0.830787277376334	0.0879002016641844	0.552259977791019	0.136398045757333	-0.33717121525613	-0.482124589853372	-0.81096496695108
