27.8809523809524	339.095238095238	0.147722482687427	-0.649348359069207	-0.437525404249524	0.575258875763992	-0.49089676341191	-0.235541619121852	0.601646781653434	0.718843929706077	-0.35780150067166	-0.0470333148387934
22.3333333333333	445.333333333333	-0.932022471910112	0.132865168539326	0.241225994384323	0.543245248314496	0.884530839799494	-0.257421278203178	-0.463197611135496	-0.73964392169184	-0.821562617388378	0.4564506759975
34.25	34.625	-0.0739069775869253	-0.200829845445815	0.572198494094625	0.58040758707919	-0.58173865215325	-0.325887401712815	0.186866537303415	-0.39703876659563	-0.0664392449374918	0.898954888984895
36.875	238	-0.489193054136874	-0.625291113381001	0.218060508265059	0.359004626955271	-0.483678396838809	0.406719058555743	0.286674227067259	-0.759153225850507	0.436269088987146	0.568468023030709
30.06	156.68	-0.242973923209129	-0.0240981303926784	0.147738182491706	0.0866452551219555	-0.0693392793363194	0.485416487492311	0.719131464013427	0.108247589562684	0.158311327186901	-0.350059649544301
32.7142857142857	305.428571428571	-0.221356031344232	0.59451173391692	0.228878310134795	-0.720440805932596	-0.380170203266386	-0.328662385950978	0.746818228931515	0.584456545258168	-0.0253951608203339	-0.420282323290562
42.0833333333333	68	0.408442362160479	-0.425261783086421	-0.0159204413739257	-0.112687147949762	-0.00499827206301281	-0.14677357986929	0.263184706707494	-0.423977818406023	-0.23363290446336	0.463400194755422
32.25	388.166666666667	0.206372845160656	0.0903662700029505	-0.373898874971291	-0.201465747650308	-0.0750200738863816	0.275506388848495	-0.0460909094803837	0.425942409039561	0.52645850696932	0.00591908142758811
31.6	358.7	0.4039549436796	0.0414518147684606	0.191976496369504	0.190193462024903	-0.27038156951723	0.402606454426271	0.670858161429222	-0.285361602128507	-0.547276770266631	0.528894285310713
38.5833333333333	277.5	-0.252313401016399	0.154879749242311	-0.126357540859118	0.0882903792361487	-0.0734969888655876	-0.35498331014433	0.448174177494551	-0.0341331671155989	-0.403876622363013	-0.270992036806337
38.3333333333333	430.333333333333	-0.371878873738268	0.208429254471401	0.0202726221388483	0.362734285514789	0.103907965541276	0.0952435722191366	-0.0882975258648583	-0.311965126327196	0.165908336425176	0.147510602021052
44.8	469.6	-0.00681466184821904	0.599303045947341	-0.094378482463233	-0.292712616234408	0.123720681535137	0.109714655125442	0.579319035656195	0.378554692832072	-0.305207538431289	0.725993448724469
54.3333333333333	192.166666666667	-0.386510114223725	-0.248420649607555	0.130754077048011	0.0754192645444238	0.219378820150617	0.818801277393732	-0.0695159009587167	0.0408279934358923	0.084915925053864	-0.394455346965258
64.3936507936508	328.620634920635	0.056838272018166	0.0976725551316016	0.219941553523901	0.0790491194111799	-0.24276869645988	-0.218372388852806	-0.338806204173104	-0.0436738634010483	0.120912398126753	-0.0571609229259883
64.7833333333333	135.65	-0.294334548722469	0.141336150566477	0.178768457509104	-0.367754582323265	-0.0722511363067753	-0.0403633658857914	-0.455545157239459	0.411170230914049	0.0348135824145047	0.441244920914632
73.8142857142857	235.7	0.0269641507085712	-0.203811738743575	-0.0765688281980738	0.410211823241474	-0.0993199961705253	0.499021115119998	0.106796016148931	0.0742157223194654	-0.0186624423289205	-0.241753118163584
70.04	94.68	0.185937081626157	0.244188361060731	-0.122985856585061	0.506858638065197	0.501462297118516	0.285664777767575	0.0163066560121578	-0.303964016302315	-0.203986358067364	0.373384642679053
71.25	411.083333333333	0.0559626449345062	0.233311764397265	0.0682239886130325	-0.103090921069691	-0.249297343355186	0.533871442044655	-0.536797074559627	-0.207987730865671	-0.0839594351200355	-0.585793937921309
67.4166666666667	373.166666666667	0.238423002733795	0.00488475041978328	0.0493284703967365	-0.256586174181407	-0.383341672774583	0.163190418424459	0.247658949349401	-0.290949831832086	0.336639242582025	0.351023386790721
89.4285714285714	455.642857142857	0.416463326421372	-0.112861069585765	0.00829648306776368	-0.388064340409985	0.452574863436875	-0.049570866151662	-0.11848416155397	-0.519282488250913	0.245813234289342	-0.228901977419443
84.9833333333333	278.283333333333	0.0872780036577438	-0.329828751076919	-0.281902989256749	-0.213695451988759	0.0936254617673149	-0.134902008560552	0.42078730646195	0.377553724510514	-0.578475401978181	0.160169527429609
92.5666666666667	178.3	-0.262185477635656	0.177431707628899	0.186621981835308	0.122577045019627	-0.00219385166959144	0.407945352846888	-0.478912964377519	0.17190147528138	-0.569068790222553	0.249201534854067
103.166666666667	66.6666666666667	0.062805787119669	0.0702601684060222	-0.433254845077601	-0.297457931898941	0.0575498088861403	0.0650130558339098	-0.322167871929142	-0.50772679007138	-0.214741158435055	-0.292169820645448
107.342592592593	390.25	0.45218305570848	0.154659263986261	0.113429930300239	0.239797630927036	0.108098275586431	0.31766744094375	-0.144984541672616	0.348097687478811	0.329233741456729	0.0371646800409808
102.68	359.16	0.254462571115778	-0.0308907195032218	0.101460963127517	-0.252838872818298	-0.214105723571336	-0.564838682463491	-0.399178222249721	-0.758814346004638	-0.312729581428265	-0.453865016952109
112.771428571429	122.757142857143	0.0454343256373801	-0.254795070170695	0.140596081033413	-0.126841454167723	-0.189014647764465	0.138179242885749	-0.0264972445283288	0.0988905308448817	-0.352743159384308	0.136893136442112
110.18	306.74	0.234188233767919	0.0467107738211065	0.326466215103922	0.771172740349446	0.504831027198526	-0.249966793505921	-0.216522362222352	0.025929555926884	-0.292651230686697	0.57142810468563
118.84	213.28	0.0742881414078711	-0.294869826126259	0.302130513194454	-0.143727123676025	0.0673142713688925	0.831796759148474	-0.526009086939192	-0.466733183556825	0.748217327471345	-0.0221150342521461
116.38	333.36	0.31954449425465	0.172902266487055	-0.238985615698523	-0.0350713667025077	-0.473343582731931	0.282354540446068	0.429762943185123	0.227678183717137	-0.589180977454477	-0.0711604197694376
112.625	421.25	0.0004073540993401	0.118730141487657	-0.402469426161205	-0.219945230979717	-0.88828396430343	-0.126341435756649	0.0795422537329504	-0.146745538828606	0.174752365113542	-0.0724882929509401
133.871428571429	249.014285714286	0.248497716708168	-0.047499620969774	-0.569180102032453	0.262926249061196	-0.0649013626239749	0.0323976189728035	0.00297591471632691	-0.0631132716833507	0.602568049430549	-0.0737275563386711
134.26	286.88	0.396429552832465	0.545960774450763	0.208047941915371	-0.36068459710544	-0.120814925924695	0.545961868462717	0.307899806777263	0.150193480975244	-0.520187522915995	0.0384210566434499
137.616666666667	166.983333333333	-0.183842352084756	-0.222830190381937	0.173726219238448	-0.284107505596831	0.363879247478664	0.492531902826321	-0.241532240924839	-0.362173783858863	-0.265846547547021	-0.0266829183989418
148.131944444444	368.4375	0.0154841797730284	0.0438850516539315	0.00797746304344227	-0.0306742042808013	-0.181860783465304	-0.244924435241785	-0.170560713470277	0.17381683614689	0.408239056323441	-0.258972088500661
159.928571428571	453.285714285714	0.514920565792936	-0.0752878412586079	0.0909535232172576	-0.0957374715997276	0.317116692355129	0.0056125879238314	-0.3015055226958	-0.238624204956657	0.367441974276853	-0.212292521758875
158.857142857143	71.6428571428571	-0.126323726541555	-0.120894772117962	0.51327766114552	0.274897151552328	-0.208960945979922	0.241351663934301	-0.0615551512550623	-0.174647000909217	0.288683439595869	0.0756351907079619
140.211111111111	413	-0.523325087090423	-0.133514710055484	0.183162430035625	-0.229779495669783	-0.217656817973552	0.413194907397018	-0.671800759716968	-0.105988970791436	0.627233306946114	-0.396027580393188
153.066666666667	321.533333333333	0.205665722379603	-0.00744042659556735	0.0279799803254664	-0.142236739228507	0.0235086232948982	0.0227792486607082	0.565321083126856	-0.559081427382634	0.670435952844206	-0.182164051103176
170.172222222222	198.677777777778	0.419314414229391	-0.306772851218906	0.277967267907878	-0.0819460991554816	0.157425388025446	-0.405068216349624	-0.3254662425325	-0.420980016068881	-0.405409758984192	-0.16818472166511
163.24	121.02	0.0629900201033888	-0.376828151924182	-0.144711303436011	-0.187598087255065	-0.138999094371506	0.366811024280336	0.267251301607618	0.672114533918105	0.447199406763092	0.192361299902202
174.8	413.2	0.0202289323070851	0.231621274916124	0.365367537489873	0.217595920307006	-0.175058195688462	-0.331968242525661	0.566406597407237	-0.226273501217082	0.414083109789303	0.119927807484138
189.42	233.22	0.144100523815044	-0.283387967628872	-0.271014481423272	-0.39721292651827	-0.238820869488767	0.245720437066218	0.109358842173737	-0.450227199904432	0.0814234779198153	0.67162041721824
193.255555555556	152.044444444444	0.127342288057772	0.135073197586064	-0.472915596805576	0.585077189090658	-0.0746511883676128	0.0720407585582663	-0.285909500579757	-0.110679253698973	-0.130873446926507	-0.180032900892611
192.9375	290.3125	0.129902809941467	0.21145371771728	0.0944881334510702	0.0118978656396605	-0.00782353302894749	-0.0519926075198689	-0.116555683598051	0.0943636707044106	-0.00883611681967523	-0.231310287608079
190.1	341.3	-0.0829427469593591	-0.0877484425986353	-0.190513865613112	0.310545738943976	-0.452675695094452	0.156924232270812	-0.717717703892882	-0.0240900768276758	0.0825348197518082	-0.0849698029895137
206.783333333333	382.733333333333	0.287537897936289	0.0746384017989818	-0.111923926492563	-0.21516717758281	0.149731509707944	-0.0801368210042492	-0.169043862773346	0.0506262090527068	-0.329187511039934	-0.630711042221268
211.414285714286	95.3142857142857	0.0437918840239923	-0.0271535470761778	0.40890815736578	-0.000555938126447899	0.164024377533777	0.223646673234856	-0.179393106069372	-0.133104423938923	-0.289458110747929	-0.01318048441775
217.3	468.9	0.579904306220096	-0.0245891408362806	0.225137280989537	-0.223668399911797	0.0724682506195477	-0.344210656536704	-0.214391775045052	-0.482799479798462	-0.296744377260814	-0.638446496185595
231.142857142857	433	0.426048531484515	0.0777037065254657	-0.11182596874465	0.34881522392311	0.091290253014041	-0.175450217207711	-0.119139860067769	0.0539922800443076	-0.255624763892478	-0.529796009962975
225.42	250.56	-0.296815233961192	0.173125597498902	-0.29420812671709	0.341325284995588	0.183984217094783	-0.361847691457836	-0.162882601377058	0.305324519324179	-0.0209521937995923	0.0614760006672071
240.433333333333	140.816666666667	-0.217927303349696	0.00767195212222402	-0.23785363758554	-0.0423573210418119	-0.0510834718081205	0.627993559864666	0.286504586130937	-0.470420791477778	-0.139694729683952	0.245629575475405
231.866666666667	341.65	-0.36721220509043	0.198983341797372	-0.0959752512645199	-0.0128448101791373	-0.188348040881175	-0.278812534763697	0.354007844826317	-0.334009565687025	-0.272867837320386	0.105707999895098
228.961904761905	197.552380952381	-0.318993031911898	-0.0370276317204161	-0.0167100343390605	0.120465014489904	-0.137639409450565	0.123032207987925	-0.138043706672608	0.462260910202356	0.205238767015161	0.474272558546701
240.25	45.25	-0.590774312202079	-0.0427504410164019	-0.249770926817206	0.0874999836442353	0.259696729139884	-0.422864499954383	0.469008871667088	0.205761766744023	-0.287231896731739	0.420377732903192
251.283333333333	294.683333333333	-0.154108815184915	0.102140220872803	0.0848233774074779	0.00535815765055064	-0.0867568790905299	0.035276629591121	-0.28282300447337	0.369908013394941	-0.811014659772636	0.135881430456913
276.2125	388.3625	0.378981657518554	0.198626516934054	0.214487624033596	-0.0758921452014989	0.242973189067806	-0.03846033471879	0.309511966015234	0.0161768908688084	0.0961681023688338	-0.443706289794923
262.283333333333	245.016666666667	-0.341797780894585	0.229178875449584	-0.0807524200555116	-0.0614157744603994	-0.189343438432778	-0.117920247638375	0.0435602104793828	-0.190058298041165	-0.187552554892009	0.43426611302733
268.8	337.5	-0.191282268303004	-0.407850190435887	0.193123331584463	-0.0939965478672357	-0.318964688345304	0.178250839286708	0.324505224127476	-0.627335475293004	0.245568423508572	0.194050743994058
270.671428571429	94.4428571428571	0.301315682772073	0.0128683988471612	-0.00707758886241103	0.0734978439151815	-0.612518791820954	0.055158174583401	-0.469655815666067	-0.247873161314442	-0.570765579674312	-0.515472364046747
279.985714285714	189.042857142857	-0.0649868519448236	0.293908009254546	0.225664315087154	0.103975091293795	-0.159592562399469	0.153834523815191	0.11082947206588	0.175728802545595	-0.27487602875451	0.0859662400296055
285.05	41.6833333333333	-0.0660418344558801	-0.399170221469059	0.161103899792015	-0.1861838037802	-0.616720971326389	0.0710059984560669	0.570821435128314	-0.405204037034439	-0.102886806602808	0.807532731170143
284.78	137.46	0.182405244627899	-0.013244627898507	0.267010744035883	-0.502787086626524	-0.448667593800561	0.127534795060786	0.783969280562097	-0.00555589948263081	-0.486726396434884	-0.255955719342183
302.75	446.583333333333	0.22522266976797	0.413740284790378	-0.12555891421818	0.0306955275782464	0.0824068538608768	0.163382076947999	0.146415159969613	0.139372964564834	-0.294948151297651	-0.287922142513259
296.285714285714	301.071428571429	-0.223795825035037	0.429888618425905	0.241716605974554	0.00620538048272401	-0.258264416543142	-0.406669555157149	-0.24551343476713	0.177736806904723	0.163063060596125	0.143561315494753
306.1	350.8	-0.0416755920504582	0.204260383196478	-0.325556156562485	0.413641057048192	0.136040750579864	-0.535534416376759	0.154397811123362	0.386347697326454	0.23650344437539	-0.205700119424867
307	247.083333333333	-0.451240393651306	0.1308250650032	-0.266245094447112	-0.0845696701276492	-0.0204682639629835	-0.207773957292086	0.530990244584504	0.0828742863456738	-0.27306926176326	0.144521562163078
323.883333333333	152.016666666667	-0.00251255579967685	-0.296802633158478	0.18187339692534	-0.0187218547761891	0.371029829365175	0.378551219387066	-0.541142253525931	0.496456040597961	0.122736124620577	-0.676786574980421
324.5	61.7857142857143	0.207935149526934	-0.253767888556078	0.175348368941749	0.227659373818367	-0.34705753397613	-0.568488791943203	0.0591270005564682	0.595162267336364	0.0524451405839467	-0.0731052429649001
316.26	109.12	-0.539326400276172	-0.00265707258134124	-0.165728330000291	0.0376644234611182	-0.235963242867874	0.173795859140624	0.111250005882181	0.501528824306118	0.745768788143877	-0.286711974227528
342.833333333333	419.666666666667	0.326443298969072	0.336701030927835	0.173386600342389	0.113407494088805	0.237224578924736	0.501161653979288	-0.367806254305006	0.357657223938107	0.338909753548922	0.29199360288778
345.835714285714	197.230952380952	0.100183145769574	-0.276844314303162	-0.49051340205579	0.300596759804843	-0.192077165151207	0.234397772171807	0.0347410486681979	0.305813720122638	0.25376208326407	0.0128297033872121
338.5	483.6	0.474595243945723	-0.0529663909138069	0.208392093246553	0.0760406462785337	0.0204810361736488	-0.132383221009136	0.0787817261925154	-0.584103282739216	-0.193297946636925	-0.0743140403493488
349.265306122449	335.816326530612	0.332273864964268	0.287086183214012	0.0349068107946903	-0.148353583802575	-0.136092078488557	0.497021780429919	0.274258355923045	-0.351869057778026	-0.00565491910049608	0.140403750701952
333.9	293.3	0.0552879581151833	0.138499127399651	-0.0157207942447649	0.268053738946182	-0.666826583452816	0.257781042813889	-0.738327328856074	-0.326137861566304	-0.301662192690545	-0.240527839781489
348.92	251.74	-0.202844248867761	-0.045584267497511	0.21890967222975	-0.0782159713157916	-0.543688085244694	0.0628509310181647	0.301539211780714	0.676879014777058	0.454981316749569	0.00453437124813465
342.833333333333	378	0.295687537066848	-0.276285690078794	-0.00138174674874571	-0.229237419924138	-0.171058295938114	-0.54157969284367	-0.138770720447675	0.134737709619259	-0.277183900536756	0.323822434361523
344.46	103.92	-0.520203131757321	0.0490761872545958	0.487078907069503	0.256657034429533	0.555000926977646	0.181622455740757	-0.197899447750173	-0.166570003699157	-0.385924082767477	0.0371182381429356
361.466666666667	460.531818181818	0.262437794208771	0.172879067879923	-0.569973856250782	0.0186799874356739	0.00846954542195568	0.529178637047621	0.307581020728695	0.0605019822128339	0.053104104182716	-0.10434762824688
369.083333333333	138.5	-0.274937263123109	-0.110540828023504	-0.363284250426912	0.0876713733102426	0.283892159254117	0.527590048886063	0.118534039020257	-0.177425623473943	0.0828518552444133	0.111404845620274
372.916666666667	82.9166666666667	-0.147153584156333	0.463777073497889	0.0809386420555027	-0.176602153987506	0.096162683019246	0.317485749640576	0.493238696139233	0.418958791440912	-0.237964056679943	0.238555028171476
384.385714285714	33.6571428571429	0.349417655432108	-0.607786272039729	-0.153872257436976	0.306091857023649	-0.0905120947599318	-0.413546785481875	0.225722267130321	0.194397662356688	-0.253413603159577	0.0382972108477211
381	403.7	0.233472335231896	0.249694873881204	0.191133511952112	-0.0499301258786589	0.488553311323083	0.122610172949451	-0.628857294693942	0.0936496021005147	0.417604968061609	0.415424469116506
375.05303030303	296.174242424242	-0.433883173187196	0.177513328488	-0.164130476911137	0.0637767486006492	0.202043315301311	0.0536825917143997	0.036364672440565	0.00127934740667484	-0.71922088538407	0.0566543875876801
390.795454545455	237.551731601732	-0.325061929634339	0.0216933580979466	0.0504658949082674	-0.306160516877341	-0.167973976026205	-0.106153026299523	-0.12828218852283	0.168089816179368	0.0639421666782723	-0.0522579647132879
387.871428571429	369.642857142857	0.118352614898266	0.406073357162851	0.0634877241937882	-0.0238184013432584	0.144108153214945	-0.552348292216346	0.52222000328585	-0.360405882859511	0.841629713142934	0.0830146000642656
396.041666666667	177.902777777778	-0.269607706639658	0.00383145902574804	0.237201206886374	-0.137972481471295	0.0160763297921835	-0.0100227807005411	0.314317670611058	-0.272058152787727	0.419278743747606	0.554556787206458
404.5	438.761363636364	0.0815741856144183	-0.0434507464246843	-0.187992018786312	-0.0723616775922862	-0.162068124511273	0.203925900648086	0.0784713746340413	-0.668635708279467	0.271916944832544	0.360942317036149
404.36	481.981038961039	0.239947906419378	0.550645261397418	-0.451023394612601	-0.264538283628778	-0.157244433725556	0.226236030439524	0.263607539836829	-0.402490528353581	0.179983082164874	0.423114148869001
406.551020408163	342.173469387755	0.125080110508874	0.347462369874958	-0.604321399111145	0.0459716888077391	0.0880032101619515	-0.201852072475884	-0.206397010878763	-0.514512987748784	0.50261540631442	0.0410723282065024
409.3	71	-0.252970206543593	0.555657101078413	0.11379997526584	0.0076244645184912	0.16195043528167	0.0265212650953741	0.0361206173044232	-0.430989830221971	-0.620342828119696	0.38933152619885
408.583333333333	121.25	-0.199404720316364	-0.282338638682001	0.168625078598706	-0.151045532918514	0.346881424592337	0.306721408023256	0.235304333334273	-0.0960144527435651	0.171891438207804	0.0867615141325541
409.663636363636	293.209090909091	-0.454894486774934	0.147002062327589	0.221334792897101	-0.343475283929364	0.302701252752478	-0.222949207407747	0.298520081981867	-0.00126672852191039	-0.292766133318473	0.0277560754520518
439.430952380952	42.647619047619	0.248126663902864	0.0432021010776888	-0.116853246759044	-0.605951899817858	0.172751230073315	0.391661279541836	-0.36253670572939	-0.322280477404744	-0.293612495347363	-0.0982891100944819
421.666666666667	392.083333333333	-0.201215043599248	-0.302613830679851	0.413780880048839	0.282760027869083	0.618147735497626	0.16582353937223	0.493265886891975	-0.32797415412524	0.322254351485721	-0.182913074924016
437.842857142857	210.028571428571	0.0947900406472655	0.114627863726051	-0.100824820136589	0.337198096889262	0.100838155054524	-0.384195639174442	-0.380583734767755	0.256446024916305	0.603793514943199	0.157221491960271
442	151.083333333333	-0.177807032697337	-0.196934587455993	-0.0237506087352541	0.126879250496987	0.59965695686671	-0.183651845192401	0.379312097145642	-0.220172459949838	0.187688996083077	-0.0995452879967846
430.18	259.14	-0.494900372041223	0.198914543502999	-0.250761441990875	-0.0407195164952032	-0.0976056705330118	-0.546367467397338	-0.099834981561389	0.293298090947247	0.723137315199696	0.490513520715041
438.5	310.166666666667	-0.286350075805742	-0.424609967232357	0.399711158632541	0.238530267232996	-0.0613198872238549	0.248301344186438	-0.365373082090377	-0.225902625405979	0.163877596415492	-0.289832476438177
441.666666666667	469.083333333333	0.285086758814361	-0.177201818907883	0.0858516159179031	-0.395442770558893	-0.0946752600906061	0.0395185894582353	-0.39182043261796	-0.640122675590175	0.326544508213002	-0.191924187133138
448.8	410.3	0.2204967953828	-0.420713625203278	-0.344392506939061	0.206499228189274	-0.172430978732441	-0.0971271712207311	-0.574869408450423	0.234437047121464	0.117843915440154	-0.0685444178256692
447.716666666667	91.35	-0.148789542343382	-0.375934378070579	-0.173234274087564	-0.478749888956809	0.167651967437248	0.0276891521474842	-0.0955931732742863	0.0753936636516811	-0.158878841167795	-0.506528686192118
446.125	441.125	0.105113811609401	-0.381037567084079	-0.150571523983441	-0.136665107239629	-0.921362077090443	-0.350905021515981	-0.183162176874453	0.116012463913957	-0.470855534413507	0.712096705049759
456.285714285714	361.071428571429	-0.204839664946273	0.228225738218123	-0.202428404486095	-0.0168184143158184	0.0874385136268561	-0.112050094086859	-0.128840473094282	-0.288969815590881	-0.551843878976987	0.0869028537952357
464.071428571429	270.714285714286	-0.564123944525911	0.165617182782714	0.454271514359535	0.317191840895265	0.283028965531061	-0.547266080022357	-0.6759659298159	-0.256029145832802	-0.0270075621901423	0.595770035552852
480.2	112.6	-0.502712135534065	-0.255391550934342	-0.557944360173348	-0.06974179868691	0.164452989458924	0.135078284495449	0.180564334359971	0.554420629874518	0.347278568382324	0.197770897284802
471.5	317.1	-0.100741280836068	0.539150160003241	-0.346799189218644	0.219264657186627	-0.222880775700958	-0.0343198332795817	0.179621832351235	-0.10842873662092	0.0115866652900592	-0.248805549689311
472.95	478.433333333333	-0.124451339830394	-0.217951769118378	0.403716101893551	-0.10345474086191	0.703172980227532	-0.274091950150607	0.237316817433209	-0.352841320204763	0.231072779684352	-0.725334412731407
476.25	442.566666666667	-0.0808799984407065	-0.405505419937239	0.328184346368466	0.083975520127528	0.0652085566640031	-0.0801929850329952	0.473302146275789	-0.0082962461392253	0.507662164670155	-0.286004723598109
482.847619047619	48.7309523809524	-0.40795420806601	0.0790817901984739	-0.213167584898786	0.274728646499194	-0.145587264269817	-0.11251156520126	-0.247991431436848	-0.307307030122215	-0.150193878410883	-0.514956047761188
481	401.5	-0.377571008814887	-0.272282076395691	0.202914771257465	-0.115394508916096	-0.23375446378087	0.110272470845742	-0.123401184376103	-0.685543664391824	0.330683619126756	0.22501425100541
488.275	312.925	-0.494628803847009	0.782072004321531	-0.104918810670472	0.182465429484171	-0.451752584409779	-0.629357831648746	-0.248159449195276	-0.470892890432373	0.589432245721519	-0.26719304545993
493.62	306.84	-0.925077300651858	0.286296290506636	-0.184235413348046	-0.419215249316644	0.872253401627677	-0.442434084343576	0.435021204095639	0.643660063158685	-0.769307122005907	0.626436284027029
493.933333333333	361.2	-0.764677592124343	0.063155363505862	-0.116958226683302	-0.0250475422293397	0.350773126494467	-0.254758098316412	0.224182148287932	0.00461359483253882	-0.109639385249942	0.477696483452245
