20.925	83.825	-0.348562317884436	0.00475417473255955	-0.0128606119058435	-0.687611065503855	0.841394151907959	-0.103751644249999	0.018619828956035	0.575557262502968	-0.928970663267598	0.0924716609693047
30.6	441.3	0.25563431923735	0.113028599364459	-0.316761561280862	-0.112039386867869	-0.01860578937555	-0.0254587639120644	0.145989540140543	0.607141217814838	0.115176102590122	0.0211726084178955
30.6	416.1	0.306165540540541	-0.438978040540541	-0.158494318286993	0.253810551012858	-0.153314811616808	-0.450071182884567	-0.146846040605792	-0.179529921791952	-0.491747951316777	-0.255424555446081
30.7666666666667	155.866666666667	-0.274822675292572	-0.252619506274567	-0.0524618300266795	0.0569562868155672	-0.0896035750445769	0.203230857439442	0.203386007608493	0.322728642126494	0.42570614261118	0.562065850327591
45.6507936507936	104.428571428571	-0.316536098985773	-0.362743702349706	0.0744747843693326	0.164882734198488	-0.0943015581751747	0.26074473662526	-0.0726520796528868	-0.157092990427377	0.264621240233687	0.0537386979891049
39.15	59.2333333333333	0.0102401651822736	0.0491003725483487	-0.0233976679444973	0.0790193685185377	-0.0965346811245554	-0.354560480125949	-0.419380327889384	0.0010906405744326	-0.700142010174355	-0.452049700058471
39.2	344	-0.283364149243825	0.0301047740956714	0.0547727430097115	0.131405174864186	0.253522817972741	-0.422184143504059	-0.669927070914153	-0.578217866214821	-0.150641733253559	0.396403615452927
40.9166666666667	378.5	-0.385507680779318	-0.0284151367553391	-0.361949725694688	-0.419318470107752	0.0778359935037769	-0.288181921280955	0.327738859183321	0.030301111067373	0.440289500047003	0.559522422591222
51.0833333333333	314.25	0.00911497421062685	0.402396092023033	-0.0986928273084083	0.0552624240888209	0.180292847300636	0.0971670909601752	0.198599976627644	-0.519568880514691	-0.65944242751044	0.0870066190371749
52.6	188.652727272727	-0.5701927525401	-0.061829523272362	-0.191660325615002	-0.19365879284081	0.00423447496096055	0.176990827777739	-0.136542322644989	-0.0787692272974626	0.46644134141643	-0.0749603081413596
59.0571428571428	242.028571428571	-0.0619796761221608	0.0234743506140639	0.23657880663193	-0.33823069591117	0.131342419095411	0.470056729795465	0.00507930899493361	0.329323613515482	-0.15569922325183	-0.19756029881722
51.25	461.083333333333	0.0879264520064485	-0.250054463857784	0.0689418067012569	0.0544117277031469	0.178445398891179	0.313605250941588	-0.0770653555653296	0.620361872522983	0.0493553377125177	0.517320336487758
57.0833333333333	428.916666666667	-0.507845402705825	0.119898624725131	-0.113347945626535	0.211022179788974	0.065696819622771	-0.00543678260457473	-0.207710351439947	-0.112580798260944	0.445997037377127	0.212166639889638
62.5	138.272727272727	-0.346281364032428	-0.260400380958913	-0.222800335983806	-0.183032028685412	-0.154258324376662	0.0855915343371383	0.0788214401252156	-0.392385067288189	0.209147756170765	0.375961986099652
68.0833333333333	485.416666666667	-0.0554839115528576	0.122511244613594	-0.625769751770753	0.0143237379439201	0.117007656215923	0.129352318439649	0.0239000002176039	0.0390179031441411	-0.24194114513252	0.131817752572622
71.1	391.05	-0.0961114671770605	-0.0642323462014592	0.415130776404644	0.117669587029589	-0.570680781396633	-0.436801783121602	0.0331914322079957	0.479233978307253	0.385934201741817	-0.0854915522565415
75.6166666666667	278.733333333333	-0.20872088846265	-0.244497650024979	-0.316092832321407	-0.106347930000278	0.0960353730481188	0.290230895092975	-0.235704512462935	0.47830624491394	-0.375262381665958	-0.422129946119299
67.8333333333333	351.25	-0.0720908988525023	-0.0771839375320661	0.0555609115560698	-0.0596234290922741	-0.158804364950387	-0.714807233501618	0.110066225082769	-0.709422398749331	-0.0148195901025235	-0.356418968726302
76.2759259259259	70.7166666666667	0.11954109591537	0.599541454013836	0.302461849108808	0.546556916371899	-0.278173177424703	0.250400657680543	-0.58564314540507	0.46005171326168	-0.375496266290127	0.14469712429366
82.3111111111111	106.7	-0.0788956025366312	-0.0263070286542148	0.0391904568477457	-0.242393532812104	-0.749323706894453	-0.390006302139546	-0.420373278991255	0.580397413804264	0.0720520303861217	0.125726980175319
81	452.214285714286	-0.0293285882240795	0.0275809475390041	0.0561820859792569	-0.268567309999523	-0.00962331093989903	0.320813072201731	0.161573698363086	-0.167870361434471	-0.209931164931662	-0.491816025412078
80.12	420.06	-0.272899997582731	-0.163535497594817	0.297920760735512	-0.19894722256257	-0.39525315341297	0.440277221431388	-0.0323462087282086	-0.585188422994313	0.592661675332873	-0.245317041585085
90	194.893939393939	-0.428255728871474	-0.155513055357923	0.278134727382572	0.0659601525453967	-0.333045299423002	0.273046402372226	-0.43635397409884	0.196386907179317	0.433221182534239	-0.350173432162458
96.4166666666667	52.5	0.100994560494383	0.678077826772667	-0.0573534265567519	-0.225859129879514	-0.278457297258408	-0.116786553473651	0.250106617100908	-0.28730996719671	0.165109055622926	-0.29820952281356
89.3	314.9	-0.00554437045067375	-0.479851324144339	-0.358787200533238	-0.333600433362043	-0.352510672466115	-0.513280953034766	-0.236460925727748	0.0507301257441918	-0.669075962918887	0.548470117487608
90.8	140.372727272727	-0.406602864443911	-0.114610458201055	-0.0437886630996901	0.107756916353199	-0.382349289277943	-0.382809273280955	0.632674802421331	-0.448407372523482	0.417106325235442	0.680375315683504
108.742857142857	239.128571428571	0.398433465142126	-0.235400389819832	-0.205153707976475	0.0546715279437953	0.248561196641447	0.0849977729817821	-0.072564269509872	-0.186994564054068	0.0940270421246552	0.210369347072376
94.3	482	-0.361737677527151	0.0996538966463779	0.147030219411068	-0.144583802769652	0.0385839685793167	0.0532202942242546	0.24981943562418	-0.535241701668591	0.0374677189294682	-0.230603349608156
102.2	365.983333333333	-0.167396009845514	-0.0140706749619664	0.153774138086066	0.612081188447171	-0.13579403944138	-0.182778165251409	-0.315389348762129	-0.438150355872084	0.00429380971417678	-0.114025227989681
114.3	33.7	0.429360990754324	0.622769608679335	-0.294255207206244	-0.157026111853071	0.0380460206464675	0.329415747333844	-0.421411379396278	-0.363476512725502	0.350689548716048	0.361796116020246
104.266666666667	398.966666666667	0.189364597508636	-0.26992829477651	-0.14307679192904	-0.454812854862594	-0.429063815043335	-0.464115016644118	-0.215770199260601	-0.0861738442726813	-0.319322010809625	-0.0429855082757598
102.3	429.9	-0.10732044198895	0.0447513812154696	0.0919065419911513	0.133404640458948	-0.125385689217991	0.0417024803622104	-0.600986684082628	0.745183057327918	0.0288717963113515	-0.00154500176083476
113.016666666667	275.35	-0.426146938713132	-0.164250727838187	-0.0153560832450167	-0.0403212943502098	-0.496228155041497	0.138228594242913	0.52478802798343	0.0765642830106207	0.449701492829676	0.0647870419869154
119.357142857143	461.642857142857	0.0368752708965425	0.340812856333145	-0.321003566976993	0.330025656276731	-0.460742421764421	0.222787448322613	-0.481713675909826	-0.2617115990493	-0.189496309216795	-0.536076504952927
116.471428571429	104.385714285714	-0.045591925944552	-0.111438808855366	0.464942838269006	-0.0274564589865997	0.308738085878706	-0.208281073958508	0.554328317149895	-0.43773603328204	0.603998601125791	-0.507182666615794
132.8125	318.8125	0.207600849589705	-0.208737293382762	0.336477448960291	0.450116507097282	-0.518710057709623	-0.520328605714609	0.460186022735532	0.144615506831992	-0.529723263096227	0.223024001809218
120.890909090909	149.145454545455	0.00394224707620132	-0.299896568702606	0.470299961047646	0.166588604658983	-0.515844126512818	0.137525474431303	0.230377544408758	-0.298799004177657	0.118998591330196	0.0388162891072818
123.625	489.125	0.61527240901466	-0.00853329443512501	0.182267550102959	0.321859291780929	-0.158695050064688	-0.134228098058291	0.348970607418292	0.596778243795613	-0.732862346641312	-0.0634133672246802
130.75	348.5	0.49547592806645	-0.32336765140722	-0.231954953652472	-0.485186066546717	0.0797983707056419	0.150061543528614	-0.744214488367158	-0.452821277688215	0.0690946076725949	0.624458553047876
137.133333333333	190.016666666667	-0.079223963460492	-0.2042201419758	0.310039759156861	-0.284946804213292	-0.0969557258425669	0.356754358049906	0.0252322665624438	-0.252503278258145	-0.501372252362374	-0.135565432041414
135.042857142857	414.157142857143	-0.275091580072394	-0.297569014796947	0.041265450085447	-0.0855652506728114	-0.0946643532449855	0.138535370771358	-0.338515147907126	0.203950569339506	0.0846853652235577	0.0612906672834815
136.216666666667	372.6	-0.0456385726647215	-0.44510008910391	-0.176499048904734	-0.1013324887444	-0.523975506951136	0.0523499771679512	0.0703504634996952	-0.254062073686274	-0.101477630937301	-0.0226870758302731
139.85	283.8	0.127838818671005	0.390949818545864	0.263808958241749	0.190274340925153	-0.436731305443975	-0.657662687396246	-0.121316187751843	0.380275431811871	0.650657836416437	-0.482233579898846
149.760714285714	73.2482142857143	-0.0622235438601463	0.465140727234674	0.171662031563138	-0.0437337766445102	-0.0550212561819323	-0.365621551593106	0.0667364634072571	0.552364511255741	0.11900195524471	-0.0422228055961781
160.55	246.9625	0.253544012324381	-0.373482678496955	-0.495658282087422	-0.133462626169854	-0.0758019973751609	-0.243809185566988	-0.436479582761792	0.467374182337678	-0.174595824987052	-0.193073562991521
158.724242424242	121.495454545455	0.261588835054542	0.0145624758356361	0.115071607102778	0.698532034227966	0.358293289413166	0.072480237470198	-0.283223364257228	0.460657455802494	0.080162104184536	-0.0339414849301194
144.630952380952	32.8571428571429	-0.128653053965116	-0.0334398231526627	0.073096460478323	0.0609722028708763	0.333744804048603	0.315981910857194	0.39139315519068	0.515139991836763	0.229678699507866	0.476049819116354
152.5	220.75	0.286261923865561	-0.533832575554961	0.146467183277405	0.301588336058564	0.144239787168181	0.184166449595088	0.652334211995805	0.0261810556016706	0.723738833255515	0.00335358627251492
155.2	449.8	-0.142526142495656	-0.0735038565897382	0.153623375727649	0.0393054973970444	-0.0817049316407602	0.628116129580289	-0.797768052012757	-0.34397442993216	0.215291066137797	-0.238361125935493
160.940476190476	481.119047619048	0.413018056292406	-0.344381748012604	-0.333919017521742	-0.0679391269833488	-0.439570211496722	-0.160741874309528	-0.586908063195388	-0.140948382030747	-0.299493632429998	0.157112896107347
164.469090909091	150.974545454545	0.313670115051678	-0.159531620367492	-0.204088549079863	-0.295373561285818	0.0515304287823753	-0.0558392530694617	0.193772338007644	0.456343883766783	-0.0677823695167026	0.229385878865651
166.5	346.666666666667	0.471002603911741	0.172422029484895	0.426688956527882	-0.0778825493280905	0.327790524015051	-0.351803019866302	0.416743429354763	-0.484554951709624	0.495797356459834	-0.771221914277741
172.757142857143	48.9285714285714	0.302867214638471	-0.152660761478068	-0.288182680907951	-0.045375359324259	0.672239159749936	-0.511762745216549	-0.247874914447068	0.607980015027726	0.401425595622135	-0.570029907059477
167.333333333333	380.2	0.0470395835897793	-0.333937081259782	0.221256401856034	-0.116777793206354	-0.173821791839057	-0.419258994642594	-0.364069568837949	0.382241405144717	0.158927817249056	0.262734002575483
169.083333333333	415.166666666667	-0.307067471878678	0.173339250226707	0.239672719953152	0.218049592937731	-0.0609297130866809	-0.515446715232763	-0.0326489714499695	0.150032074940722	-0.158193670706222	0.120080362479154
176.666666666667	290.083333333333	0.161248359929575	-0.357193320848239	-0.00482132661535478	0.112414671561287	-0.433115246498707	0.18636358017692	-0.264648511900961	-0.0417898534583706	-0.373610595429789	0.0856188435071811
190.283333333333	323.15	0.437740832752852	0.0613512000869712	-0.540977486264466	0.0360001287798531	0.227092433388562	-0.133902990681887	-0.168678248590053	0.0981749095147032	0.0474119193702841	-0.495427367779597
195.047619047619	100.880952380952	0.419135828656622	-0.084631549920607	-0.00514103210210048	-0.0994724646350089	0.492405896680806	0.258116477800675	-0.591781284279647	0.0828757826085085	0.640569342205707	-0.157593577087852
186.428571428571	186.142857142857	-0.421034735030758	-0.231151274098651	-0.0549954713039791	-0.16553480957379	0.500110527021988	0.354015389207475	0.159106842248168	0.40610437358252	-0.272147601962916	-0.312608256975781
199.2	391.85	0.544592902188332	-0.228600223798196	0.0267480521306442	0.174753306320921	0.354177881217321	-0.145835123680925	-0.257586684825154	0.225728353934619	0.673559453383583	-0.257942943311378
194.071428571429	447.142857142857	0.164647280560043	-0.044089929994615	0.389790114257869	-0.0973247038452699	-0.345544707484271	0.297086067777517	0.137023119937841	-0.0583842193113238	0.154667828175026	0.244809591237514
193.714285714286	64.6309523809524	-0.227548225893787	-0.310533708767974	-0.052519813424848	0.2155828410584	-0.2717372173122	0.0439636609538774	0.00434634693928731	-0.706134907145287	0.612113388652135	0.0272676520594167
202.690476190476	484.035714285714	0.242182486421007	-0.201767406502466	0.190443785165137	0.18792380200644	-0.129174368730781	0.0787734623593688	0.623761263636771	-0.0580467139970574	0.195131197471964	-0.41952758043413
204.08	414.84	0.407097643787003	-0.380522427530669	-0.268222536082409	-0.0567028265093219	-0.161462499462996	-0.340645078481259	0.251797402085393	0.0257980530898043	-0.267014087039509	0.134543834216806
207.5	132.5	0.332125968407284	-0.398832880571486	-0.0329998484107557	-0.20962220348596	0.0352580430582234	0.0974625202851711	-0.0855994784863902	0.00603672802892709	0.109536405745913	0.363214209299053
205.5	253.8	-0.0497795386286665	-0.278292542654483	0.253715204385917	-0.177313206869453	-0.621860533807308	-0.40438949767122	-0.510716771767167	0.365529743635915	-0.227415077015309	0.420635360524544
196.2	31.6	-0.228896473265074	-0.389476678043231	-0.120865588729187	-0.480846824981936	-0.618429335792859	-0.343512570900048	-0.816293315871512	0.441152509878291	-0.297795567582609	0.796771430898748
216.583333333333	214	0.124210798619251	-0.154145884026807	-0.24916591145507	0.627048631253375	0.0844575507005529	-0.0722224290469153	0.126104483438776	0.465684850823077	-0.083546942590633	0.050966877636539
204.983333333333	358.083333333333	-0.0519388261867822	-0.315264633849354	0.222737865833782	0.106135562359323	0.0990481265460832	-0.380926771670307	0.289878454570124	-0.76317780294732	0.128038994574926	-0.248233467578532
227.083333333333	34	0.056206356288326	-0.252881911659421	-0.022092859348216	0.493144732901538	-0.214213118284797	0.164681050273883	0.262158639355086	0.47380861713601	0.358048210909234	-0.175116661200944
219.833333333333	287.833333333333	-0.0768349562228949	-0.166516651665166	0.181638177436663	-0.0570500419578449	-0.0548036446510835	0.130768731209985	-0.249411218535939	-0.117423269997533	-0.756750215378224	-0.238005665485713
235.583333333333	161.666666666667	0.127365896716842	-0.331487224353016	0.186995397258028	-0.205053588987099	0.173588999204514	0.17879142247197	-0.041927132441754	-0.503200155737825	0.0619595040898068	0.402549676997745
226.5	69	-0.019800460475825	-0.477359938603223	0.118598678404826	-0.244847174737447	-0.291279238052924	0.19704438771405	0.127443662819478	0.40305350743921	0.233457165461549	0.0821530040036968
238.785714285714	326.428571428571	0.0905278863963778	-0.00589112986211155	-0.23088327870148	0.232951140281031	0.181065089831416	0.0784447022024516	0.155493529791934	0.100115616821743	0.0165863143690491	-0.38906860987419
232.28	426.84	0.0487710745480398	-0.307083369606222	-0.128288757590225	-0.231614383081969	-0.57146755477084	-0.226901466040656	-0.877591162096154	-0.0158333155584235	-0.286196347879929	0.471247584533623
238.5	367.3	0.196727008498404	-0.510536126117587	0.280661401945983	0.142773774231126	-0.160638352565922	-0.0718263423582435	0.0078254233855181	0.20037128481797	0.245993934357627	0.154674177849923
241.642857142857	460.428571428571	0.30684758236072	0.0494068494988405	-0.020191260494456	-0.278256678974816	0.374619777645812	0.24310883332768	0.00915948314691885	-0.30686111865139	0.400541782966836	-0.0634591461426443
255.95	393.0125	0.64854784995971	-0.307190294557019	-0.138703106035324	0.0959825245156035	0.471849266921452	-0.400577377392184	-0.0525014823995401	0.0272637855635703	0.147801917384645	-0.453404359151458
239.5	94.5	0.0487697067923971	-0.560188595844998	0.0517106169855866	-0.0742381734615308	0.255768494956102	0.0615130859975077	0.46477100589985	-0.332208957651558	0.231450546887444	-0.786366884342508
246.083333333333	243.75	-0.0672683195143318	-0.280583453867623	0.154090877852945	0.0863603313695289	0.140412760984971	0.143709016589705	0.447738698149493	0.488280646155769	-0.309800323941863	0.259350795057984
260.166666666667	193.583333333333	-0.347878191442925	-0.275553368624059	-0.174816675333586	-0.0356819218022206	0.341812526727395	0.681209522640753	0.00543063887167269	-0.124586180098958	0.186834763182634	-0.25976650024473
265.085714285714	110.171428571429	-0.0443081711485552	-0.654195807434717	-0.0397677147142545	0.000527913019253397	-0.108064557257323	-0.0393388078296886	0.0394467498738308	0.205673439631708	-0.26719699674069	0.126427130171592
267.375	30.875	0.395986737286311	0.554751754725918	0.455146525217538	-0.171995748230943	-0.573002179394793	0.136164948110533	0.688454699804476	0.460520002631419	-0.128842694711302	-0.792973183963034
263.366666666667	275.85	-0.171977625921402	-0.674387930498544	-0.0602511182739083	-0.00293106883591346	-0.499128746118177	0.510462389500363	-0.0536327335902452	0.11132055548338	0.403987263613188	0.378331363066133
263.85	61.6166666666667	-0.190765446666362	0.453322419946569	-0.235854979972015	-0.326374114486509	-0.589018213914763	-0.549377548996922	0.0546221431616132	-0.168058504537382	0.378610282587049	-0.166659060693442
266.2	428.3	-0.408876656859954	-0.206447122836987	-0.149173153253179	0.182936449308963	-0.018372274937919	0.375225776341026	0.330704644937297	0.571113085687203	0.282653619554056	-0.312829054911538
278.34	305.32	-0.0687118104410663	-0.246575903503035	-0.267618660258249	-0.014600620932374	0.201304001722757	0.294842652427671	-0.585429517580016	-0.37600439960528	0.286379034970812	-0.269451572920016
286.457142857143	349.842857142857	0.125065537406736	-0.0312345502785766	0.103776623515996	-0.0153536187064053	0.26350026643632	-0.0426194980849421	0.224471460330699	-0.00259136489916029	-0.214357909144251	-0.141306537065416
286.785714285714	143.285714285714	-0.0072650771388498	-0.306535764375877	0.220588448212903	0.371525833757231	0.433031518172843	-0.159891045386017	-0.264404322718003	-0.651329232566775	-0.549146273200614	0.215582248614268
284.333333333333	227.083333333333	-0.274954014122115	-0.0495104729128346	-0.157247241508888	-0.0190947793979626	0.183306235642879	0.222204576424748	-0.403165169877729	-0.106542910942428	-0.0966583859009258	0.594054791840529
288.833333333333	453.333333333333	0.452317527970165	-0.258439482733569	-0.0944075192373333	-0.142363253050356	0.401269992198669	-0.644668474289892	0.0197444231915467	0.0412362852030153	0.0942381562054165	-0.331221674633858
302.833333333333	183.25	0.097027735903312	0.083442981500684	0.291003489296122	0.0596833388866562	0.183313884063658	0.103547934845831	0.366686027471044	-0.407290663993628	-0.615568836811411	-0.0332321700631372
294.7	415.4	-0.389708115404083	0.270693436814577	0.163441515316787	0.009926046453052	-0.286333277277529	-0.303178846148882	-0.197089381585776	-0.592630800669746	0.59366605366455	-0.117768144254706
300.7	261.266666666667	-0.33677662148151	-0.278071118620637	0.252411375628038	-0.0551778000438652	0.191223068285079	0.338684151560099	0.0273282377010914	0.234162100572248	-0.406114895020776	-0.0231215330989957
297.183333333333	58.6772727272727	-0.536712721455581	-0.374372510837517	0.1191212632769	-0.0575727779069121	-0.0841596395108816	0.794458984613525	-0.203903819302216	0.290941764138655	0.653999537687811	-0.342421003767033
310.083333333333	96	-0.0986614114051423	-0.217347373343465	-0.323388513987664	0.0617561760024919	0.41513393307236	0.367874062871961	0.087852805337301	0.727819790090807	-0.356323124204886	-0.128653974468673
313.242857142857	385.771428571429	0.021399794775734	-0.0323379726872669	-0.305359925664926	0.0169932498820462	0.553302263840007	0.0960636471673836	0.180536255282077	-0.0101734054423424	0.264756720381883	0.0157037195802959
325.5	301	-0.0736037624926514	-0.0667842445620223	0.134145016164594	0.307726868951104	0.310556938476212	0.249032732549206	-0.0168573138531997	0.199124259082334	-0.543128575528897	-0.118316731625268
321.233333333333	468.283333333333	0.283124234823553	-0.466181885872069	0.0713862096328922	0.293524650251552	-0.32589319948387	-0.301432529945444	0.0416725040151513	-0.033982544284689	0.0431539839490658	0.371826818609177
317.3	220.6	-0.366552636674627	-0.297908732976183	-0.0977521244379325	-0.176726711628644	-0.232507822462386	0.337595603405501	0.269066618064971	0.0589817613587741	-0.0614647872529766	-0.292852542424594
327.875	161.25	0.482187948480389	0.635892964194234	0.388235097293248	0.163432729429831	0.243302810643932	0.722455670452031	0.188639298410947	0.737737996739909	-0.0986213459432387	0.870965429300856
356	144.666666666667	0.0134525939177103	0.492558139534884	-0.506290486919861	0.039108244832114	0.0603854737029254	0.055830715472664	-0.330891207100556	-0.537112879790448	0.310475091177231	0.267423663891345
327.785714285714	430.857142857143	-0.124664200895464	0.211913568230485	0.367452152966658	0.227857570632662	-0.283073329582293	-0.236951544810208	-0.0801901086922164	0.175485726905028	0.348597864969072	-0.00173249778070639
333.5	251.033333333333	0.133709959025789	0.0171950595801464	0.232483026686638	-0.284068687936135	0.0760667932998347	0.139812260797657	0.215960707952062	0.0222978648858349	0.0421911437982658	0.720742477571626
344.5	346.25	0.35622780972946	-0.385191952328551	-0.0282009260047969	0.0965368728844225	-0.0682488231359381	-0.230547803348516	0.0981518769956254	-0.334049337349009	-0.37032273094607	-0.521492172025762
332.666666666667	42.2272727272727	-0.544676143378704	-0.366204460534221	0.060282058918505	-0.134035995761283	-0.145964368985728	0.64667113624169	-0.0505580521972689	0.0689121945290895	0.420771908487421	-0.513699086517014
350.4	401.5	0.434525952055288	-0.31999136131308	0.182298715862357	-0.215474147561884	0.208860757209482	-0.48909705808846	-0.440105239752038	-0.0132817982128629	-0.102061956790156	-0.626254759605632
346.4	83.3	-0.252509907529722	0.201717305151915	0.0518867156408348	-0.149846274591944	-0.0149805961365866	-0.0842278953040865	-0.104531614844964	-0.717423234775621	0.000170272101158524	-0.0480256984287377
342.2	222.9	-0.146030893216924	-0.244177300201477	0.0985341541152648	0.0240625951618949	-0.471120963577669	-0.735413010062787	-0.0275760322562656	-0.0893138728902595	-0.351945002487787	0.65092397707377
356.3125	192.125	0.419933117344511	-0.13394783674374	-0.216114425557604	-0.111683604583831	0.142890102100296	-0.0765011405494543	0.000797549229401737	0.113015141204581	0.0441105850661713	-0.163711520073647
358.2	377.9	0.547304604292971	0.254038997214485	-0.326859512208878	-0.0928730075336992	0.0441602232115755	0.774785801632444	0.0544209368870519	-0.506120329417793	-0.420682768260442	0.785872480277834
355.583333333333	476.333333333333	0.265951160521651	-0.480149514216218	-0.14940079837781	-0.509718535814268	-0.568118540922373	-0.286706820360048	-0.716423383844414	0.154494778343731	-0.424728506080593	0.70475413154753
364.093939393939	275.274242424242	-0.105809436676376	0.140535681903548	-0.0252339429971121	-0.13461067679701	0.268450172550186	0.383354146782429	-0.456331058680755	-0.242900105598212	0.380035083431725	-0.136956482686081
365	444.083333333333	0.359057880230519	-0.584489013323456	-0.0601580094876945	0.00884507835179258	-0.647004364662494	-0.302290842682633	-0.157625523486667	-0.101797059029156	-0.375669662672055	0.53519811938177
362.125	422.125	0.269890904037245	-0.273573761378639	0.00498716929162213	0.296352099447975	0.275745465820169	0.633623053598743	0.267390414620894	0.255056566623401	0.682021420624243	0.354769891989907
362.5	49.8	-0.44707834538343	0.168306270001185	-0.151905846200538	0.138114921566577	-0.0498455135466723	-0.432068477447867	-0.196858579279727	0.399130662773553	0.452936602958571	0.302165898119586
361.312727272727	232.129090909091	-0.688287179194133	-0.166222188094598	-0.438740035728298	0.266958362995555	0.226990833964001	0.375877383301132	0.627274257236696	-0.121055098988618	0.371207244647602	-0.630687590554425
375.833333333333	313.833333333333	0.047605732261447	0.268297797972737	-0.527586048887897	-0.0856213350572931	-0.0403363843742006	0.0217337695939765	0.189471606579622	-0.417551105054053	-0.212746545958327	-0.263792676094956
379.166666666667	94.75	-0.35171477230985	0.0360653182986965	0.165722055411205	0.0385545424566727	0.167019088749183	0.00851485901430661	-0.436075316548651	0.269139251759699	-0.646759169177021	-0.386300659281925
388.833333333333	356.166666666667	-0.472567728744249	0.018486965411484	-0.0364220406894422	0.1111636747592	0.191545586649864	-0.107264426321793	-0.334285948242498	-0.397294072348611	0.191884629303029	-0.435272109586607
389.875	402.125	-0.308900209769254	-0.116931375486964	-0.209217976589105	-0.512352751579049	-0.128725018588038	0.140179536310046	-0.412401239414554	0.612211551281006	-0.102758631512513	0.0440781335867952
398.115584415584	265.937662337662	0.465178782735753	0.515969921710539	0.131974497104785	0.111682325702003	-0.17711718978382	0.594557266932805	-0.0415575053814	-0.185689649910837	-0.564970636939942	0.166706244660691
385.315584415584	222.737662337662	-0.482379983975871	-0.0440028814910515	0.53138699443294	-0.228787731086085	0.310585175505279	-0.0701704005986614	-0.433411116889503	-0.282174981435315	0.119691655869816	-0.212454664829077
392.3	130.575	-0.367278774679009	-0.476064282980691	0.364508852958259	-0.578516078530155	0.333957457831389	0.699548591997961	-0.851471382587333	0.081024477524867	0.0546348530223728	-0.934676519021097
397.666666666667	476.083333333333	-0.148638109392704	0.262342363553423	-0.330265067886631	-0.184625251018114	-0.309892398753341	-0.0223465362251785	-0.0861871931412811	0.597076809015169	0.80127544355793	0.0147004093579801
396.083333333333	190.25	-0.0224459221489211	0.68496859147896	-0.427705742352697	0.288662179114125	-0.661023532850075	0.019428013432742	-0.253172807621897	-0.365262264816635	0.0134123365642761	-0.539533704884421
402.666666666667	291.333333333333	0.440462427745665	-0.128384545177974	0.146804054579285	-0.295919265206036	-0.0951117118750893	-0.385466035758622	-0.0185377126326513	-0.212376853026615	0.0435320292550135	-0.660008980785971
401.04	156.46	-0.188722072887439	-0.629053553750703	-0.243842417119395	0.377091288571353	0.160464309998262	0.453898198764902	0.87706018391445	-0.14215693176652	0.193525590145663	-0.822010035198882
406.5	437	0.141131062258768	-0.142641382782346	0.106777147017181	0.294532069981249	-0.368881942041751	-0.166727582103407	0.515419749984034	0.126802004055792	-0.615860703623466	0.702254223337155
407.25	323.5	-0.213297189328007	0.136205830598754	-0.111935195228276	-0.108121771743545	-0.226827007173135	0.115687185799092	0.016456803114385	0.359169102776659	-0.272336297352351	-0.799801721090448
419.202380952381	232.940476190476	-0.401837950471509	-0.230140467001464	-0.326542135959908	0.0777763166122168	-0.0376000735987355	-0.203158016521737	0.366261262341978	0.615800655334496	-0.387577262005972	0.256592787798568
412.783333333333	94.8	-0.0865792606406848	-0.00835185269782601	0.245491358259901	-0.348196394457388	-0.229341631282029	0.0474174089463757	-0.188156383978009	0.502955289713337	-0.394992765083122	0.451251760898825
423.12	62.44	0.175619181450905	0.150189455722566	0.369812590599617	-0.0129379251779599	-0.682143272231033	-0.297942053514169	0.677470836812497	0.48747563226913	-0.0334821914732542	-0.453213235107202
425.785714285714	363.142857142857	0.0374780989925535	-0.218572054314498	0.342473287773459	0.111695926322511	-0.129804373604366	0.195212549502669	0.507259757588138	0.141136800077827	0.391412593686476	0.575453889984768
426.128571428571	39.1857142857143	0.313710113020232	-0.266560916742446	-0.896870536237336	-0.0599471968418971	0.0378331966071731	-0.231271886359014	-0.664703568526835	0.492406563232885	0.621935310084135	-0.0159022675666771
427.516666666667	181.383333333333	-0.53455337806241	0.136843780988926	-0.355766857908465	0.134139370140431	0.333413477121143	0.276745044089773	0.200154677775709	-0.477258369287075	-0.0552552120294527	-0.232529787811801
420.6	403.5	-0.289446280617558	-0.127224159007561	0.0642043463721266	0.153228593309964	-0.397598584237036	0.0295867182378083	0.401218637087913	0.504785519811331	0.397627129033502	0.24876251445643
426.45	464.1	-0.17782553889962	-0.497066318433677	0.543905472022538	-0.17164188066104	-0.202441927123295	0.445370557732152	-0.255716485896588	-0.713557939580316	0.44096717756926	-0.0857727454646143
433.966666666667	127.016666666667	-0.419911116863828	-0.0517020577603266	-0.14928454902021	-0.0933237132088636	0.372330003642392	0.430282999758477	-0.0171356968602898	-0.198159585123519	-0.206743487275054	0.105643166024084
433.25	300.083333333333	0.196685581150652	-0.102025478185713	0.0881331439746398	0.343799582268323	0.0243818198056619	-0.188720093782745	0.225090099810469	-0.129563306354776	0.525310394854336	-0.334133435521835
437.9	327.3	0.167543859649123	0.0713032581453634	0.12212173633674	-0.202336105177592	-0.520259335534893	0.264685715806796	0.880417752931244	-0.0836099691365816	-0.370263124152505	-0.0575144126787593
439.05	481.025	0.20036321975644	-0.212615946026223	-0.20553350188394	0.575218964430386	0.604389255631286	0.26538653110106	0.234351848758944	0.459209610760152	0.160595697451424	-0.43179275840722
445.575	268.225	0.519606165123657	-0.433012629340525	0.406688239786699	-0.126849891967542	0.247397151255562	-0.48975790518885	0.455353324907827	-0.387167178659202	0.27086439657045	-0.478553906807677
442.25	428.75	-0.0427358068842201	-0.067679928475637	0.189180143438795	-0.280635124646084	0.310159725288136	-0.0240217355852046	0.18911361796051	0.236053541559876	-0.0299255708620213	0.581404749814662
446.2	223.5	-0.616432239339138	0.155009090039231	0.0249874865126816	0.119742382969544	-0.301346441425475	-0.0457406993010146	-0.281845609030859	-0.690293107687455	0.831027073618363	-0.349425006232691
454.166666666667	389.083333333333	-0.154926165065598	-0.272904577887073	-0.0945611727721484	0.0150717479313299	0.0315654182590667	0.403162158211196	0.485046477092934	-0.0965749854717506	0.056178997605142	0.518811619054381
449.8	84.9714285714286	-0.150351939233514	-0.122124985613995	0.209098524788018	-0.0237752938295316	-0.148109298992334	0.131432793713232	-0.228499864436616	-0.0937701975043664	0.0250616629494843	0.0794042257571243
451.147619047619	46.2595238095238	-0.355548346144743	0.0329295258288615	-0.0557490784445354	0.305707923242595	0.08843904326963	0.0614246345367792	0.343880587383079	0.0986848069740238	0.491915328156423	-0.297268789063489
457.514285714286	169.471428571429	-0.558814909381682	-0.209232738591633	0.179632300607435	-0.325095477799775	0.159959248726855	0.217496009286306	-0.244729588621643	0.277783885515318	0.130691080396078	-0.115904202060587
462.65	285.325	0.228287353103756	-0.308590872870588	-0.644872469749321	-0.104353634607764	-0.216406794727079	0.456936695206827	-0.48158562039971	0.470205755791481	0.682842991362319	0.552790629204066
463.98	116.7	0.00494847598492476	-0.0346410823281464	0.0336872348345969	-0.0120633000014618	-0.322277753234234	-0.0948921406547975	0.288024261680029	-0.9099555979197	-0.0160975698591574	0.0374419043392689
464.985714285714	467.357142857143	-0.314329995949615	0.274265770002823	-0.244153095275862	0.0432981994809626	0.326062462532067	-0.134801770860951	0.176655829701572	-0.800186902182425	-0.581676683417964	-0.0699012494936951
464.8	347.828571428571	-0.35054155338379	0.0978254586425647	-0.0498983760731867	-0.35503226496166	0.175136363776423	0.0824255068479817	0.0465084144504374	0.12652593419047	0.0745476932349191	-0.0858031788800245
461.22	312.26	-0.172547945857787	-0.211433197223842	-0.39162753885021	-0.168111016755478	-0.634277012665165	0.0595963911236815	-0.516210189973447	0.414775847922176	0.448804447647892	0.515376273929747
470.916666666667	222.833333333333	-0.517175231557666	0.191226667920448	-0.00626147675589462	-0.556018710984213	0.342998413735287	-0.4516402775612	0.493436759799161	0.252221726450393	-0.0698196233513532	0.577964607096929
481.671428571429	424.271428571429	-0.378207795545324	0.1935971217121	-0.284257185048691	-0.265606329913283	0.43174299058718	-0.381676945456525	0.30191864013259	0.0287550853909824	-0.189870955475246	0.782608656627488
477.6	30.2272727272727	0.00170863809444076	0.368690918001871	-0.000508779269582535	0.0532448473656186	-0.719938765701101	0.438909165475881	-0.704372419415905	-0.0926067751676566	-0.454299492080666	-0.634416287598378
483.8	177.1	-0.302383482617276	-0.76204645513891	0.340677442638697	0.111991501338029	-0.487571911570996	0.281909156788602	0.131688692505393	-0.380884789943248	0.13109065443141	0.434789333747444
481.58	65.34	0.36280441610215	0.00889545959384195	-0.0652205466242596	0.209814383549879	-0.484787940662049	0.230742935290604	-0.741206949343057	0.367006452957115	-0.672848627504344	0.190477870697628
484.96	94.44	0.262909248108918	0.0193057306135555	-0.103792021064595	-0.452018612839419	-0.4687506792058	-0.345696471010761	-0.50307406826764	0.0672270875099881	-0.627084200127326	-0.18368979536986
482.6	381.2	-0.031491034143945	0.472758535986244	0.194568256009517	-0.177232097682235	-0.177295270109035	-0.435935888622942	0.413328201791001	-0.359423997531904	0.643621621182785	-0.0676376305880927
488.44	132.88	-0.73038733542142	-0.0705480519848636	-0.355725347717792	0.0157933602244652	0.329143003075326	0.143165832915806	0.36508113162391	0.133978858635994	0.289293200634578	-0.158294726459974
