27.36666667	115.6	-0.774853186622983 -0.604803115534401	0.518619614793928 -0.315528239064727	0.237285310978391  0.947952477913939	-0.883707429711697 -0.103140853648797	0.410114486866121 -0.896546626459162
32.5	182.6666667	-0.732920129595718 -0.0278912522890547	0.525270797316735  0.414859370490705	0.634047985874186  0.0483273387053369	-0.696226311442141 -0.594235314124914	-0.428908070946767  0.246204558631482
25.125	482	-0.724091420007493  0.0653428250281004	0.519351578928813  0.0352189363918217	0.267188780391222 -0.349059812468921	-0.911056841711003  0.0203087579654801	0.279446207053231  0.474140949547389
26.11666667	418.15	0.0930558820726243 -0.295427137274836	0.0751581082215998 -0.0793167177810128	-0.114171294247703 -0.441066155644888	-0.457664849520163  0.177777050517765	0.283208448131797 -0.348619330536889
31.08333333	331.4166667	0.310827268676667  0.481419872270905	0.320847422514661 -0.0683337698332315	-0.452538229483425  0.677544824181360	0.161555668931689  0.0750693946562142	-0.491523176854172  0.0748022968476669
36.26666667	383.3666667	0.375335806575413 -0.0343562108225662	0.296597382073623 -0.206621651685711	0.273364029865288 -0.348056922634364	0.165846741997469 -0.294684702204202	0.345498191144531  0.0989775944196412
27.71428571	75.42857143	-0.615146079290254  0.345792833006550	-0.130617323453472 -0.167627342546724	0.306725454684252 -0.484567320767930	0.148452495532753  0.00912916923614749	-0.140357310733305  0.356235809165086
28.34	307.38	0.0799999999999996  0.403738956296384	-0.0934356576416248  0.335164460718222	-0.0292762003780171  0.0389196703624910	0.245393678324142 -0.421410497419645	-0.115213863164664  0.0368461930610713
32	265.2	-0.156886379496289  0.0967455433610353	0.174782228252498 -0.121812026925446	0.527562551779601  0.114282397957529	-0.778641285969140 -0.154358839429825	-0.284101966392369  0.0316112241884343
36.5	451.6666667	0.260164881386350  0.473781616286243	0.110135841239623  0.0631682067731947	0.176856082102552  0.425193065442671	0.121685633832658  0.123978637275784	-0.204039619889795  0.0966556575041553
38.51666667	123.8833333	-0.483550726264509 -0.212185977594684	0.0539348019888637  0.284651652497241	-0.0916493968648448  0.295434813675208	-0.244204523722673 -0.0690359817149251	-0.154077012896295 -0.381221231816456
45.7	357.4	0.572431444241316  0.321828153564900	-0.232768938296673  0.0932134844079068	0.286798591196690  0.397380701262726	0.0893853083017427 -0.202508212413085	0.156074016067561  0.281725941742566
42.42857143	209	0.00980774860934902 -0.0425246413584462	-0.138381397044068  0.149589074212769	0.151959551710773  0.267585864225824	-0.0256022747271701  0.0467446040434354	0.162112449960131  0.349916375462087
53.33333333	34.75	-0.0189810886520288 -0.219962107563377	0.0284122889757583  0.155025284087355	-0.180980268436142 -0.0140957540736708	-0.506188614840960  0.318691546690308	0.248172739619153 -0.571734232594871
43.8	241.6	-0.0927083333333333  0.175585937500000	-0.0977091006349921  0.0970458299752275	0.0200262899086307  0.0670152791657298	0.00385212806023633  0.866940885482580	-0.0738402120294738 -0.0383165045277940
45.69047619	291.8690476	0.176988125245290  0.322119105636854	-0.0800010560171479 -0.116148892499025	0.393419570777987  0.207460998624108	-0.212707082382318 -0.277641914716951	-0.439737021095802  0.0708722952186724
50.5	166.4285714	-0.253535204574874  0.196365662226155	-0.349286335324173 -0.116057848189480	-0.207802821301089  0.397752741157337	0.0758321831325991 -0.0646580922967112	-0.238847349792071 -0.292890352806767
48.875	481.75	0.0650812259253057 -0.00468933177022262	0.298623717356178  0.575210515889542	-0.574093192335978  0.555173955641144	0.0638506865797657  0.103960223210750	-0.351049595456593  0.471942267076052
56.3	434.2	-0.148861646234676  0.410234505147153	-0.229622485616667 -0.0974044575375032	-0.0227263984717083 -0.451553480374196	-0.450419269305888  0.115444742617353	0.515151276101330  0.378337257927865
61.05714286	72.1	-0.316837821704335 -0.628570111283129	0.262488699599489 -0.222906090304381	-0.458266999181834  0.651987422665371	-0.267573771823357 -0.311384093159755	0.544689307974530  0.0648394102005453
57.02380952	323.1190476	-0.105688616576024  0.0223526255658507	-0.144631471119947 -0.0376776294677930	0.294392008079845  0.161467385857279	0.414669181830658 -0.0443959820564765	0.531101072541041 -0.618699726460476
69.26666667	404.95	0.517198018406704 -0.0405858058081929	0.128726071184271  0.101999543649618	0.727434702864889 -0.222012403994133	-0.0616367248097454 -0.0155027512464526	0.340407313160585 -0.116153654906431
61.28571429	267.5714286	-0.226390607551384  0.142063803458787	-0.393456028336152 -0.0554689640148767	0.309457542116990 -0.337027076220790	0.533735364306591 -0.111064185469954	-0.126973129023461  0.139703995194649
67.85714286	119.2142857	-0.677059780808502 -0.0295519679709665	0.00714792002186993  0.202711912965286	0.471941473735387  0.234778758556857	-0.0443738033470481 -0.445260349654785	-0.599891474147607 -0.0846660278842965
66.04	235.52	-0.168968579726843  0.114154725042606	0.469557172556625 -0.0401212443221575	0.675937074623799  0.0964868629696239	0.303315937883994 -0.302460702783844	-0.101002163549452  0.123541970315705
91.225	351.1375	0.722936851451262  0.375569854806785	-0.0845443131735016 -0.0511771990582087	0.310650257797335  0.622620693313594	-0.0618051187838210 -0.176115232309831	0.0112074635106207  0.602372353397568
85.9625	210.575	-0.0308303876228417  0.372844494007484	-0.0362086780042483 -0.326565741482225	-0.120776840314181  0.0159823130296989	0.318341474280253  0.0252477786831319	-0.459274502968749  0.0329426190234894
76.21428571	470.6428571	-0.181756742919167  0.421921399168527	-0.125999243515639 -0.0538050501171395	-0.153700336690497  0.0225748690072713	-0.159775856729151 -0.183833086738561	0.246417925596148 -0.0181815797118028
86.83333333	379.4166667	0.487212054731251  0.301876335084579	0.0110550427995117 -0.189829358389153	0.146974371245646 -0.254968732387776	-0.0608596152311456 -0.324917220206008	0.132866010070101 -0.405672650981631
82.1	166.2	-0.393862368257904  0.401983880967142	0.247434997841730  0.0612803976122411	0.0965802800300355 -0.361255683957864	0.111176911485634 -0.263077860520323	0.104644232639727  0.328061912108653
75.44047619	302.952381	-0.267337452820244  0.413232750703524	0.0404161357502969 -0.00926621132279446	-0.137622509109594 -0.356016841921873	-0.410982671934688 -0.122750076398188	0.0872712928359952 -0.473490343006612
94.05	328.5166667	0.749281000393698 -0.00586543530338085	-0.125852543626350  0.415856603187053	0.295630553247420 -0.369844619555053	0.107587210329563  0.699206193123315	-0.331421065256219 -0.600844279134305
79.25	18	0.349914821124361 -0.301192504258944	-0.404132500685271 -0.150693474831797	-0.538651331743264  0.224748818031833	-0.552195003887169  0.203945336826283	-0.0698956650956160  0.883504210472711
86.66857143	80.81714286	0.178145661090303  0.337148848793841	0.381426006153107  0.330026368597647	0.207935264341314 -0.239061662912178	-0.704079177663045  0.244051923100314	0.529036538273498  0.428081448076250
87.2	255.9333333	-0.238449647907483  0.214046487662449	-0.653206659294171  0.257553598321296	0.00673362341581670  0.0644770403138023	0.124572832465198 -0.664709165310419	0.313510688000323 -0.0178132237764058
83.2	39.06666667	-0.0753728537410704 -0.114525629778168	0.365711039654811 -0.0175886592773593	-0.423772264341641  0.308116375199662	0.534865188717764  0.246908401465199	0.263336395052554 -0.555636561539254
92	436.5	0.128111376740262 -0.00871888623259735	0.164679585011968  0.160121099178867	0.0602799837600729  0.365235195196282	0.518824119746417 -0.113351376920653	-0.628112232276583 -0.268654516467597
83.5	280.875	-0.182910231374637  0.115509793478904	-0.00706158184819077 -0.207072863173361	0.101721238511996 -0.970240477499880	0.0777762476023236  0.114332663483339	0.200982715859434  0.500794790213209
92.5	106.75	-0.202441505595117 -0.328440633628833	0.570507010498876 -0.0546019565860771	-0.536652865873878  0.719727455346787	-0.326840094738709 -0.431917090432454	0.915782846028094  0.0140860823177370
93.08857143	61.83714286	0.0416598960530569  0.701707479511488	-0.371266169243474  0.238269926545088	-0.294203375149160  0.150772226174300	-0.108617327236495 -0.392877572125090	-0.114369151429500 -0.0447600144318663
100.25	136.25	-0.204506065857886 -0.0573118986433991	-0.635886566345679 -0.296884152136154	0.227127735101612  0.117695579044221	0.0439651846583269  0.449779312576623	-0.246872173058388  0.236944574656319
107.9	464.2	0.0496875000000001 -0.147291666666667	-0.0790151726887833 -0.291950392164988	-0.0500944598004442  0.346532983236685	0.232032373516327 -0.804440273194153	0.0569904990408534  0.151731816496709
102.9285714	293.0714286	-0.517183476995410 -0.165453934848315	0.155695118441370 -0.145707799807640	0.380131069737250 -0.0182346941127243	0.137365361061153  0.0163247278145968	0.0962024184037308  0.288824291551632
100.0309524	20.64047619	-0.193556212488969  0.131677027317316	0.473827373037483 -0.234536498336942	0.377112279752548 -0.563720493022394	-0.00187221502085452 -0.250406664684193	0.283745356370647 -0.401071390214713
106.1	490.4	0.300022643218356 -0.150501924673560	0.309452201329922 -0.0268416619121004	0.388117146612999  0.248040448965767	0.272449822763493  0.556914757776053	0.590821142995568  0.115365701149230
117.7714286	53.38571429	0.255850110458089  0.522642518722299	0.0760194949720125 -0.259952394043342	-0.251219298555132  0.219743429511663	0.119999595850559 -0.458164857928141	0.0706001261744345 -0.344589802219083
117.0833333	178.1666667	0.0716394252305854 -0.245528996910212	0.276075307359028  0.216267204737705	-6.32743332482779e-05  0.0899734018780456	-0.104730019857690  0.191623438076377	-0.557973249117911  0.153876421888482
114.9166667	248.0833333	-0.174621059121155 -0.136971449222985	0.322320990187714 -0.0959004782899637	-0.0241572885909723  0.480191998665904	-0.215758859419937  0.177156605627469	0.182379913376470  0.452265887353620
115.3333333	409.4166667	0.202703302228598  0.301622277103267	0.393144197749024 -0.126114468011761	0.576705150627704  0.159727491130989	0.107611619221024  0.514702993975634	-0.0540704285212842  0.284439289733076
120.6303571	93.56071429	0.0116975192173392  0.0275622244669113	0.243783427676606 -0.150747327999970	-0.139167938895004  0.118528758103382	-0.128115519288925  0.170403184378013	0.297888495043670  0.337399879023387
127.7228571	30.16857143	0.0151118136849956  0.241798910569815	-0.348348331619231  0.312190901381053	0.167710062268855 -0.732912225357249	0.280407018314659  0.0187526023764854	0.553894462983653 -0.155809919769346
130.4	209.1	0.231739464112917 -0.377189762754847	0.00283304315716201 -0.110818754131667	0.0778534089083223 -0.0305347583962782	0.635196554977900 -0.161429576370276	0.226736942348431 -0.103584256114415
125.9	382.8	-0.235315315315315  0.127567567567567	-0.585873226145911 -0.182942193872896	0.0329602988286239 -0.833583365049463	0.817138126261851 -0.136300088768316	0.481882241597222  0.588023088272658
129.5	309.6	0.135439697596463 -0.617288353184509	0.461894745014523  0.0602817491199987	-0.472431955378431 -0.388149437227255	-0.0943817414874908 -0.398724093735959	-0.310276562254490  0.355626867570351
141.3333333	277.75	0.265428886886557  0.108278233942917	-0.277145695635692  0.252951949619550	0.358921822752806  0.268523231762033	-0.241206466130067 -0.330953388876696	0.134762086243393  0.673957515757977
137.55	333.35	0.351743795609545 -0.161246996672089	-0.309749738959184  0.147316197840122	0.541084874124541  0.438012308427384	0.0994425906755073  0.321697914056552	0.676317907023631 -0.314136431987060
138.75	139.3333333	-0.214110475680111  0.249487142988721	0.263516729119025  0.268560475049128	-0.0964247777090189 -0.303792951887346	-0.114769090053263 -0.102792393689850	-0.260394110055748 -0.236537012044500
135.5714286	440.2857143	0.147960424945260 -0.222183926688833	0.0202458367810251 -0.0874749573944412	0.515056839481784 -0.113709990903138	0.218358832260157 -0.512586071438310	-0.242844315298412 -0.443201681549599
132.15	477.5333333	-0.324332308886233  0.0338640762999968	-0.135107582340770  0.198763273182552	0.327113610604455 -0.0805487807056659	-0.0535426746977432  0.0885228210570718	0.441374963871710  0.238674154820628
150.25	364.3333333	0.158907366666211  0.183490250201555	-0.256221884736816  0.391406764828814	-0.0443439189919650  0.390485257345063	0.277089856357215 -0.112522894334224	0.0975227984835021 -0.574055238636681
155	225.7	-0.105318180285300 -0.392877617778977	0.145555085291576  0.137198711702028	0.0163617118593055  0.705405616501901	-0.556047901118044 -0.230321324181802	0.696202100258118 -0.284004715681973
161.6666667	109.8333333	-0.0511945392491467  0.0493496909879164	-0.328181256355451 -0.640340652888051	0.220529426704111 -0.130033059888270	0.0440426750319922  0.0256181497622883	-0.0753952241936165  0.117660699051117
154.7714286	405.6	-0.264532170378191  0.0443593715569324	-0.0293435226636435 -0.115995618291855	-0.105271950974608 -0.593655231451388	-0.149653016076680  0.511198631610904	0.588488478559085  0.262558335478715
152.34	76.08	-0.0402132015270837  0.223524095830029	0.238015699016539  0.167284106698183	-0.492822042458237  0.0778568486407311	-0.827458246020189  0.294375257689676	0.0318205319849386 -0.217692621051796
163.9285714	187.6428571	0.0649133729140411  0.419879435747149	0.333446573071104 -0.0955804628389861	-0.0280674399263597  0.0923492758191645	0.414109843056293  0.115097761945222	-0.144093257460952 -0.455902126615073
156.9142857	44.35714286	0.0594447705219184  0.0350258024681946	-0.119290154685061  0.349866683227765	-0.133511408239953 -0.162430007781660	0.0871323164259570  0.234560093960997	-0.388711723158828  0.310886000805234
152.08	491.14	0.0514233087742796 -0.182991460147354	0.246465394564055 -0.0605303818046710	0.506921149873530  0.0743945377523493	0.0140637606908647  0.647615511741484	0.232135922269850 -0.357284746951742
154.48	463.44	-0.402514921238855 -0.187496472211479	-0.0650578198513053  0.0867604908539888	0.599554623263812  0.279844333988023	0.294093445064161 -0.683920241928038	-0.480991929790294 -0.468594600444219
169.5	250.1	0.401594303846452 -0.452364368082966	-0.196127366295137  0.284034138514954	0.139878785703883 -0.163777141653498	-0.380797268978883  0.270436337930216	0.303353786043277 -0.251780260173583
168.2142857	305.5	-0.185256337815949 -0.201190341658191	0.0178433113739406 -0.522928447323493	0.211267215839793  0.00508259612039174	-0.419703557527484  0.130154458421590	-0.0938607962533263 -0.212689629014066
177.8	271.6	0.174546358438976 -0.278051205567984	-0.519908249999084 -0.330275342657338	-0.128132248422837  0.119979213841241	-0.333590460007800 -0.440412248522614	0.368470955818040  0.707217384275867
176.5	25.16666667	0.872347425563415 -0.202335910511597	0.212624594103154 -0.437318040641838	0.770951003431988 -0.377969228319417	0.164478821074657 -0.719851485938643	0.496454649370504 -0.598973752351777
175.8333333	345.9393939	-0.0340404701369152  0.299416574673946	-0.0223242595493353 -0.439813762714012	0.00787817080442999 -0.190831642979077	0.00116864904910220 -0.522281998232138	-0.0855773746905234 -0.563948523597895
174.6	443.5571429	0.00371518657521722  0.564703095637893	-0.208158294283701  0.0610149294173309	-0.588024175193975  0.188953124177165	-0.368285883144809 -0.233786399500665	-0.118930166069758 -0.324378662556339
172.74	476.38	-0.278256519799371 -0.368848270174538	-0.127629430446190 -0.123710079677292	-0.139907427206141 -0.268788394790278	-0.699049855761854  0.0496481021286430	-0.390919978238873  0.507098978934223
183.8571429	160.5714286	-0.179557560604413  0.637610066311556	0.0308881316710346 -0.0965019908354370	-0.349273812836897 -0.484929164997737	0.0498934227999377  0.397670457075105	0.530533613225386 -0.0233444593753422
184.0085714	415.4971429	-0.0774092613375161 -0.132168035916641	0.302089133307477  0.207434209332189	-0.228665127975998 -0.643506740816651	0.100995057008836  0.512836139527671	-0.152206109892577  0.416533314427422
189.2571429	79.6	-0.0629565396521387  0.316898369819389	0.122845873765711  0.0871812627456122	-0.358829329399525  0.0904982670445453	-0.132339642635451  0.106470331964886	-0.0815753878511711  0.0924176033504967
183.4	222.4	-0.268732120031652  0.335321687260332	0.119778637186399  0.133282676513206	-0.0281429532805582  0.284031077891310	0.495228741861584  0.0245168389521329	-0.475997545477993 -0.326034658890103
184.7571429	384.997619	-0.0760981059168422  0.272308966622257	-0.0736522026049387  0.166492238426779	-0.00641895308717792  0.00988334951397076	0.409132370475160  0.0531330461293269	0.613779708831487  0.177926192523889
194.1	122	-0.228917976125708 -0.0732870355554132	-0.175206627210299  0.197521937864929	0.125334523098262 -0.210941906756556	0.182799629176872  0.778795037385993	-0.146390993779218  0.0624844654616870
193.74	41.42	0.0421458975993935  0.0371085873817360	-0.191163454876638 -0.124863220171279	0.0746976007007321  0.130353839532969	0.828271737196973 -0.471804679222108	0.0277260514318136  0.105900149271806
191	318.0340909	-0.413665792890762 -0.175524557394536	-0.336927585458770  0.298123964480150	-0.0352916232610727 -0.575886915213636	0.598615124363184 -0.200423497984857	-0.151773902473812  0.580246241820268
197.6142857	475.8857143	-0.430631921493771 -0.210491923407520	-0.0304411894470107 -0.0911030586955785	0.0161269265409978  0.0150476197219665	-0.168536477719810  0.140543272507538	-0.0284865082345182 -0.426434329175558
200.2333333	207.7	-0.511906503038119  0.462259509912114	0.0112762234427767 -0.0160464128437458	0.387456073484063 -0.515469683729085	-0.0240463516506355 -0.122910423998532	0.0996638845831663  0.572333298636862
201.08	440.34	-0.226761479425920  0.233592767636474	0.381605576889800  0.0146312495863668	0.443662945799258 -0.0824604249517043	-0.0425612650351738 -0.463236436184496	-0.126325726446286  0.364382018032534
201.5	282.1428571	-0.501098065818564 -0.262169241897321	-0.185678588812460  0.0179156013354371	0.108305235339017  0.0663587064260764	0.172154979834375  0.0705218461631479	0.00331038684142996 -0.198002908148174
201.0857143	243.8285714	-0.146300725472590 -0.364900793808453	0.124167639283698 -0.0962452070360760	-0.319729294758089  0.205539806588389	-0.166463719182534 -0.454523244760828	0.175482382176139  0.0386752022317400
210.1	365.0727273	-0.377633730538299  0.0113870485708536	0.130478132973707 -0.180240403696353	0.424142538147345 -0.202158889640977	-0.175614201015488  0.405459955132096	0.312662739723940  0.120635376757833
214.0204082	412.3979592	-0.246325469294077  0.408149082854814	-0.279675039491038  0.0742808363371896	0.0698504838504967 -0.436305778794671	0.0645763017622694 -0.301413397910529	0.0665009606656041  0.0696434042596119
219.2	158.3166667	-0.248864720236842  0.292593739548366	-0.175544268217902  0.0866430015620388	-0.122681559189244 -0.167381165039871	-0.242628500962386 -0.490851819864076	-0.0728754980829768  0.578783981128955
214.7485714	191.8628571	-0.229912259730303  0.265886405333948	-0.219798699474255 -0.390571648188573	0.0171363865104165 -0.294986119297854	-0.333336172197214 -0.0632756588541951	-0.00842256500272934  0.482594187532644
210.8	319.4272727	-0.518682959318296 -0.00574446625579188	0.0390936649949049 -0.136405755672609	-0.0993793110014862 -0.324722317184744	0.266244483829705 -0.394293209574408	0.457682390414696  0.521168667450739
230.15	61.28333333	0.0723155911542351 -0.132758015665085	0.0204031816135207 -0.0367230212093772	-0.320931006820979  0.120749761961424	-0.131335297001409 -0.0769542383261331	0.860805314360553  0.0630679637159533
234.925	110.4	-0.0829401082675470  0.0233405810335380	-0.0945713560483483 -0.255193035930595	-0.232326715185470  0.242366177622149	0.320706222987208  0.163054003964906	-0.0752464662207212  0.0458534901377209
221.4666667	484.0666667	0.0371576022231042  0.170623263199682	0.816907981078678  0.545221342956666	-0.0409727254544298  0.0187342228406565	-0.153274876774092  0.390425912859725	0.351569366448611  0.853637025600745
249.3909091	467.5363636	0.285129712708517  0.549026779112822	0.186413772203175  0.213685864003573	-0.00595179175960334  0.464978818127434	-0.332694737023101  0.318553624141888	-0.256263844362120  0.404689481357462
225.7857143	250.6428571	-0.185454327607123 -0.0445835642289086	0.116652418264529 -0.00168924793969570	0.210383584278602 -0.158466237658356	-0.133683833802224  0.161606795080832	0.0728786311073801 -0.0995019657669026
226.7333333	289.95	-0.476269317580857 -0.0151810002454124	0.131815991127660  0.375701746337455	0.374362580106180 -0.256922429794807	0.0125806907963609 -0.103424845228585	-0.201136204491889  0.0685780862936797			

