27.25	315.125	-0.367445434244964 +0.308977837539318	0.389744484058574 +0.256327824050387	-0.591451886767636 -0.123292948039802	-0.623993224372854 +0.0736076457326458	0.639992458229093 -0.261521279117980
29.86	156.56	-0.161587005313767 -0.691662004873549	0.191185189389192 +0.341626602840511	-0.233244556748674 +0.140159423879941	0.299526956345305 -0.122202250927910	-0.221169752864064 -0.0369623060073179
31.625	214.5340909	-0.411006049907431 -0.222439321715151	0.662830662915618 +0.222044520655460	-0.422405107889292 +0.356697097681774	-0.539061260463055 -0.576923031476463	0.857153685911123 +0.254875764757819
35.3	279.6	0.139090362652775 -0.191865357643759	0.0148687710940508 +0.0323691595895533	0.127552950525003 +0.0149222857189117	0.330765293273790 +0.852302270728464	0.107391751913431 -0.0659310553510396
40.41666667	244.5227273	0.0707394040579363 -0.394035905344577	-0.230333469840837 +0.127673278219669	-0.0982389144682661 +0.269073846054266	-0.0298693163805979 -0.373452955513956	0.709765473418146 +0.464780381575826
32.33333333	350.5	0.0187523347030258 -0.290922674635786	-0.0964283166400828 -0.604714360982772	-0.492579391101312 -0.0556159826609286	-0.0594432767087211 +0.240738000454400	-0.359638179722849 +0.0203368053993889
44.5	72.78571429	0.323824148685231 -0.0288125128627291	0.0135163416761751 -0.247138339043769	0.301901633500986 -0.230777860508716	-0.217095337330001 -0.262400470460150	-0.0270402895683789 -0.508719915970564
37	392.0625	-0.168723691088673 -0.264032795003714	0.456183771172494 -0.0444804314499414	-0.0350013659739499 +0.0221372169294994	-0.385458314995985 -0.510562411713326	0.243694654095438 +0.0619185056853390
42.8	179.1333333	0.141204320103662 -0.332310827726326	-0.323080944300449 +0.176474642770250	0.230078086137141 -0.0599474166968846	-0.136254011995883 +0.346196916228514	-0.281861386468417 -0.0193479101168206
47.33333333	434.8333333	0.274543121683948 -0.174428685369491	0.492722823277985 +0.0130440557924878	0.297357982773149 -0.0260002300151630	0.408859518767467 -0.129655400167258	-0.0714479558791050 -0.267672900085868
55.6	303.5	-0.339947743803404 -0.133818233175623	-0.0429333243114372 -0.0721685629748010	0.364467506729485 +0.777726224846146	-0.655102569667710 +0.0935349981730407	-0.0168883735236073 -0.789007959570330
57	112	0.0636363636363637 -0.398004434589800	0.589095099720089 -0.0538036863259662	-0.195685943835569 +0.101357434180768	0.122449413644836 -0.457069261700692	0.0618352315456409 -0.0816553537512807
63.5	34.08333333	0.213727273485803 -0.0648816427337734	0.318646794745451 -0.0855788031429584	0.371635231784749 -0.0987992867142019	0.727438780542629 +0.0524298225415758	0.366615080633564 +0.346879509729189
59.5	358.2	0.113191740994432 +0.0271029419011482	-0.00971013279622270 +0.304262013307188	0.275124976419559 -0.310777985106042	0.0625092074432512 +0.919641066602642	-0.00579509366199005 -0.101804946086374
59.98285714	483.8485714	0.716206475225539 +0.0987157176861314	0.363087839597505 +0.173487889149649	0.395737921338390 +0.576029883883354	0.255662871164480 +0.583614737583006	0.113747308235321 +0.905651277386842
64.94285714	459.1285714	0.329968738580414 -0.442204465953977	-0.414871494966185 +0.202416047540685	-0.180304951397232 -0.296601212578519	-0.0483457273508122 +0.100060025048129	-0.0179362183329374 -0.161598904814506
61.18333333	207.3833333	-0.0790223430329431 -0.377841216043310	0.152934541837003 -0.141627478589762	-0.315656842696718 +0.260192872790627	-0.411109027123706 -0.379289456228045	-0.363175441449981 +0.298614271919449
69.53333333	140.35	0.0886110609556955 -0.568202877443754	-0.310464611703847 -0.00842290577740767	-0.230238823066938 +0.175403087384355	-0.0871168039275259 +0.272920801251618	0.0812700281792646 +0.0354880631027051
70.72	408.94	0.0920202104559879 +0.270780440955403	-0.335749479168926 +0.121622253333385	0.434558822924854 -0.365224046504202	-0.468732472859022 +0.348983150007310	0.602749395873613 +0.179296155597402
68.71428571	263.3571429	-0.0941754323008949 -0.0862134702940319	0.270701988621749 -0.0986680111052938	0.166333594387995 +0.325757041214729	-0.211695311884756 +0.0205742709166970	0.419187244489179 -0.392570233099334
69.41666667	331.5833333	0.413024913674674 -0.428136486837708	-0.194600394548454 +0.138246730910776	0.200563515394790 -0.341048069976709	-0.191261542600889 +0.338372526466444	-0.175664460143611 -0.0968484944392020
70.2	231.1	0.168645466944225 -0.311592850477353	-0.173045361571443 -0.0172279327117918	-0.0583887456602682 +0.223174286048926	0.377163837690333 -0.474770363019029	0.373895540239067 +0.192453879464811
82.1	82.5	0.212540243838075 -0.134058162242043	-0.0318748824246268 -0.0409436500374794	0.119231180026376 -0.524495615627063	-0.0817542460674935 +0.822646728358337	-0.145255383376477 -0.377817221910029
82.91666667	171.3333333	-0.0174035298453474 -0.235923615566263	-0.193185058244241 -0.0601260658376597	-0.119736800546903 +0.00449712500932710	0.0971236709026614 -0.278023401561522	-0.738901297351662 +0.0960500782982518
74.86	379.22	-0.251019678943398 -0.366046874793220	-0.467925340380236 -0.297203733590244	-0.129243532574663 -0.165531514723666	0.334978153774722 +0.202760824688809	-0.119517179407555 +0.736705021748072
86.91666667	298.3333333	-0.173222323925119 +0.0613393853522752	0.119887943893963 -0.132810391345127	-0.0204802760851475 +0.118318677732140	0.0743182459374973 -0.548188587541534	-0.785348622492015 +0.0442628472098375
98.5	53.66666667	0.429605216020635 -0.528551981084760	-0.0806086340950491 +0.185337437450504	0.121500841730820 -0.489963955854007	0.124303016708420 +0.461514988358389	-0.0955239306501935 -0.142888104527922
89.7	351.8166667	0.136536503893426 +0.0514540302572262	0.00670800226892165 -0.162930450539776	0.207308556576359 +0.488776519119288	-0.132844308148241 -0.509053058842931	-0.508833509255772 +0.692568632485092
100.5875	433.675	0.330309323097164 +0.107168347451017	-0.0531702635208185 +0.0337565715453085	0.145479726691752 -0.0647461853766711	0.104701743967136 -0.0554809956888382	0.305039370523569 +0.0638863752899213
99.57142857	206.7857143	0.00752051688504528 -0.0946137742373471	0.159493866559779 +0.0382340285233793	-0.0843044319138510 -0.0650604597113919	-0.0999621425929523 +0.197599418925094	-0.208596646528635 +0.472768082990797
93.42	240.36	0.0513179037577876 -0.0945169565585093	0.0705493733976741 -0.130802393042062	0.186250656539301 +0.200442126749605	-0.672452259992375 +0.641491162959671	0.0873622909851266 -0.0563002681217969
111.5333333	383.5666667	0.0214905897114179 -0.404020075282308	0.351354936929042 -0.0183923330951106	-0.235953553925784 -0.0301650394331819	0.135062778804608 -0.189444698872359	0.0207515028708083 +0.0932404994014817
98.95238095	472.5238095	-0.258640027955008 -0.0441305479328205	0.166150789678710 -0.321324498798937	0.189090853335793 -0.406994558715631	-0.497528327457826 +0.605015082962872	0.374046516772845 +0.310140556604742
98.83333333	105.8333333	0.107528494301140 -0.134223155368926	0.0866006548365846 +0.0136690807133740	0.273549517250061 -0.202334359814407	-0.143054805355438 -0.683363816383597	-0.529816527903176 -0.615203006207590
110.4571429	266.5142857	0.186234460092734 -0.126200355905681	-0.0479692318589637 -0.329723609374572	0.486871190157376 -0.359399980000873	-0.146894991530072 -0.267851561917356	-0.239942306113211 -0.429237151332431
105.3	136.6	-0.0435815440840566 -0.129191411603472	0.248158873016711 +0.0959887741447575	0.285376654028048 +0.120201626211224	0.659953294311342 +0.521978787725548	0.0882253556699575 -0.0798429014978184
99.9	327.6	-0.0964397994731923 +0.137309881893109	-0.0534094622297105 +0.0999903998053177	0.356457315462075 +0.0521715413038110	0.864275683891719 -0.0420716375610221	-0.170673591555340 +0.134804189412089
122.0833333	78.66666667	0.221575111273842 -0.128562765312310	-0.193306459004243 -0.248120799962702	0.420913797751072 -0.0805192988841542	0.318264463986501 -0.492724776217752	0.0532681741031284 -0.596477272317664
124.5	161.8333333	0.0120993261606045 -0.496332973455940	0.0254175844152774 +0.0315720807538621	-0.214581621515931 -0.0489522578805096	0.282037997047502 +0.189318339617638	-0.452030849049551 +0.468142481399850
123.1875	309.9375	-0.295968493856024 +0.183957472272088	0.101978608072384 -0.215238675803626	0.0523911545914034 -0.499992613431297	-0.159455390192279 +0.219236502520908	0.298759567893794 +0.165891350321310
116	345.9	-0.275652246394932 -0.0416770859381511	-0.274100219318849 +0.147506351302052	-0.254223182957376 -0.201245865019677	-0.0565931564362083 -0.801559220024236	0.326923904141165 +0.124212706756827
125.8666667	233.5166667	-0.0100914784202576 -0.106936406374637	-0.202290326537622 -0.153451861025052	0.334141208864438 -0.310279529690089	0.446685583667226 -0.187042512024359	-0.331671024798626 +0.688338943068037
126.425	410.35	-0.230913802534006 -0.200590012822467	-0.323296684639173 +0.523253953406339	0.742143727836706 +0.266418344233995	0.474477886606055 -0.147871099811840	-0.444407490719853 -0.761856414078914
132.8333333	119.1666667	-0.195040729545571 +0.429222808545520	0.0807767420132510 +0.281064405874832	0.197968036871569 -0.0860907773941615	-0.221412913255876 -0.0869607637934686	0.207746703877359 +0.235236138791642
136.6666667	458.5	0.373419808728152 -0.0329779048037816	-0.0579786672299711 +0.00996273111863735	0.0658690890939932 -0.271939495484429	-0.0643386910503065 +0.204030683583464	0.0545314199627995 +0.460145345592021
134.625	279.45	0.00949172155779949 -0.0879701334508889	-0.0533565268713951 +0.309767495392006	0.766511933329369 -0.542880901512583	0.0859151736867706 +0.0245244147849643	-0.232981083690598 -0.250542676314646
148.3142857	193.9857143	-0.124374441796318 -0.159315401733947	0.102804479577882 +0.362938245617318	0.387874275456141 +0.459474146953199	0.113168514595017 -0.236535321056731	-0.199254811162818 -0.0914631375069118
147.1428571	48.21428571	-0.0492067671647686 +0.398722928049503	0.0154148068067624 -0.201911493462221	-0.0739696187205952 +0.00122408195802223	0.446670690099043 +0.383014360511435	0.140585903389878 +0.384871702193268
142.04	427.98	0.0626100741609389 -0.167720989825944	-0.319199397617166 +0.0994559042182449	-0.674666057230724 -0.246167037367743	-0.411947174884978 -0.393890423801398	-0.126235361524691 +0.216517588547188
145.3571429	346.7857143	0.160535044550914 -0.188913217855052	0.472271100927647 -0.113551648296683	-0.162555208535177 +0.208991243089718	0.0916866376628667 +0.0526447225615213	0.0284801577659706 +0.0523312108397610
146.9	398	-0.0653574068208213 +0.470383275261324	0.381068467294446 -0.0882688535108501	-0.229329770721013 -0.152307683531017	-0.0233164688939858 -0.176748911029586	0.402672726640812 -0.171729298026232
157.6666667	95.08333333	-0.338912402893115 +0.232949370479507	-0.193653665198451 +0.0156070438739279	0.498516184798765 -0.142733349676911	-0.438888863252794 -0.00273780369131868	-0.287578995817954 -0.168902099970388
147.4166667	255.6333333	-0.164140754445546 +0.0788156185472933	-0.152852782196006 +0.207991751911818	0.326420625502022 -0.306103905469420	-0.303486365774902 +0.243685749339209	-0.348617695128049 +0.751494836764430
154.2	318.7	0.117328519855596 -0.161251504211793	0.157031757031805 +0.167299787670793	-0.604051548273350 -0.679492794502098	0.662361848176524 +0.292085500535025	-0.484226358936062 +0.114757805831817
159.6666667	376.1666667	-0.00913769562020793 +0.107341665791409	-0.652592629724769 -0.000602535433781139	0.232883655139057 -0.00188480848909957	0.0665379453747344 -0.477216344356978	-0.0322881787700246 -0.226245700288744
153.28	297.2	0.0945116856453966 +0.227834276301654	-0.0358640729917932 +0.477510618146062	0.395208956523124 -0.0866959188348586	-0.197192554597219 -0.628259530524237	-0.103668003040769 +0.236025087291185
157.1	226.7	0.116482164821648 -0.220910209102091	-0.599641750642553 +0.0544697937168601	0.00105555751472371 +0.530565701119047	0.397242190487958 +0.673801474292545	0.762585891009770 +0.0883509292879470
162.4	480.5	-0.142341413099536 +0.0386797318205259	0.0182345189505845 -0.0112292158388250	0.183902945993922 +0.428130550410986	-0.749526020412396 -0.444901019465106	-0.141786947445680 -0.193788869092630
168.7125	141.05	0.00660152529099999 -0.457497249465325	0.126993502601238 -0.179869590052614	-0.331457181252557 -0.0289037245339685	-0.201880214899771 -0.405002467836080	-0.0322303309947211 +0.185343318076129
181.4833333	278	0.428932799985491 -0.0268729420153658	-0.0630183395345000 -0.0578651714268894	0.112327946200588 +0.182442525746282	-0.580337896128584 -0.141990005581304	0.367154053845464 -0.162548411746698
180.0707692	180.0723077	-0.0540922093600193 +0.510858013525498	0.152692452739466 -0.207117502913288	-0.145502513669421 +0.432586110264401	0.432538689735197 -0.361217886489148	-0.723257635736484 -0.0884913899650721
188.3666667	67.43333333	0.413613564969888 -0.345658550131033	-0.0348226568998276 -0.120156198766132	0.00293419057355154 -0.234257024795571	-0.586034109588081 -0.0600270088229802	0.334099215908167 -0.335107442295645
172.2777778	430.7777778	-0.726271456831089 -0.0304256269542466	-0.0639974840785685 -0.0431572022153159	0.512160105597225 -0.0285044050373343	0.123453711745054 +0.0693054433458900	-0.352870079417157 +0.0574466889947027
184	32.4	0.0279317285686712 +0.208591832795655	0.00550189175601610 +0.0810636173238971	-0.377705019928245 -0.00108138162735347	-0.899838666659025 -0.185174588993968	-0.0349197457386589 -0.242308636431351
176.2	247.5	-0.0985356434050313 +0.143753687711205	-0.121749739907472 +0.238617288744076	-0.581116235709544 +0.242139183820948	-0.596061244290469 -0.647653656339867	0.00119469353181668 -0.403239355715215
174.2	331.2	-0.0203863378116435 -0.0600895662054675	-0.0168593771860190 -0.0811982402661148	-0.584346166935939 -0.147634009109938	-0.851130539123702 -0.00794225901808388	0.000360402233794600 +0.132399264645178
185.7714286	306.3142857	0.483023210812022 -0.341859920356055	-0.284680065584424 -0.242435556462764	-0.239776343044035 -0.535295850470833	-0.388381095877814 +0.0244920589473221	-0.585185046299423 -0.109603239243887
186.0142857	354.5285714	0.547110507359264 +0.215976021635364	0.0108628309285762 -0.271661282721980	0.409195630530963 +0.390479209952280	0.228961818004506 -0.540695635568318	0.191498460299974 +0.439554865314858
184.4166667	214.0833333	-0.186257548555574 +0.112648930961319	0.191060881908757 -0.0317458589105320	0.188582950009955 +0.317061405455569	0.413069163551234 +0.427074778905121	0.145113824541266 +0.515975642382120
195.4166667	102.0333333	-0.0800025550868561 -0.272625846432556	-0.290391303582637 -0.289739010489986	-0.333567629892423 +0.0717839107248687	0.225420373524181 -0.0917168865958168	-0.459936655908337 +0.0956635204937844
187.6666667	476.5833333	-0.158608607194326 -0.0482635847297183	0.0318258349836737 +0.100715065547683	-0.0679461055232798 -0.0295346300755047	0.409692657414359 -0.751061829771130	0.576273116699478 +0.477495333123733
186.5	383.7	-0.380980277289592 -0.0462149319794311	0.280723765377659 +0.126686523994819	-0.0768035812669053 +0.0354799091409523	-0.155542706879728 +0.600458215381368	0.346875331964310 +0.128478223431055
196.2884615	159.2403846	-0.194466348067351 +0.127618666917031	0.0900530273246887 -0.0440960612059526	0.932520849214504 -0.288287494629675	-0.0371399288191235 +0.0627112627573980	-0.395529349220500 +0.452034307765147
196.9	446.9	-0.322901142573274 -0.297814207650273	0.685937601578537 -0.165393592298431	-0.243527562687648 -0.0740018545118735	-0.623867180438498 +0.115048415641227	0.682571118903520 +0.158762812779487
203.2727273	410.9166667	-0.273037909469576 +0.00758377943420023	-0.181183847498247 +0.0422919727949059	-0.134200633957547 +0.153024688466709	0.301122072176766 +0.125425657520879	-0.0710584965289877 +0.598253323903062
209.5833333	244.3333333	-0.117303925282194 -0.263849958333784	0.246646549926980 -0.191262721220927	0.0973654654574880 +0.288712330321483	-0.316356744425302 -0.0639154262911492	-0.218012345439358 +0.336918821015219
199.02	332.44	-0.360719024884061 +0.220148018440745	0.154006924022673 +0.206059956590551	0.135873671152483 -0.452119553515385	0.477919408904047 -0.152076476261518	0.130257127574751 +0.553129013130869
211.22	461.5488889	0.229996329837290 -0.276726868224491	0.0639889655255814 +0.207615666062020	0.400503070191544 -0.299021697662819	-0.414134234864996 -0.297878749674883	0.0799800667835081 -0.501428949237807
213.05	137.4333333	0.0759566228935880 +0.515576489629074	-0.0793035535145890 -0.131596816471984	-0.288267448967209 -0.168956015156814	-0.228352146690305 -0.282517901893012	-0.0996730042208278 -0.606229651345252
218.1923077	203.6602564	0.269200321835620 +0.296083694358747	0.154341969488679 -0.453516102053202	-0.139817249284758 +0.00318203562050141	0.483814391757334 -0.232247089894353	0.263961957009855 -0.0548982306215460
206.0272727	373.4	-0.495061651411074 +0.135041040771651	-0.278276269032467 +0.00630842867329804	-0.101710031928102 +0.0411673920147120	-0.0254436334018455 -0.644259902274672	0.459979861639111 -0.334087002368578
225.4307692	171.6923077	0.104020378991912 -0.171908627658414	-0.413543951688272 +0.267265872976124	-0.173497757456105 -0.875583180664906	0.464329712236053 +0.396815692466448	-0.300831270303856 -0.381972161522779
215.1690476	313.8738095	-0.300696684464534 +0.176616941855101	0.166328855802168 -0.0392676517058177	0.679085778633440 -0.315149681610226	-0.0976748814316301 +0.0731425568941548	0.0593549096000896 +0.0809927974087804
227.9081633	278.4795918	0.417639515826041 -0.376450425530756	0.411011725126054 +0.0960075965999893	0.429917529994591 -0.210653509503851	0.544998281560323 -0.425266474057681	0.114659636747626 -0.378378939736121
230.5	37.85714286	0.0569907857837807 +0.142459795112459	0.236050812672009 +0.301301252599504	-0.304646127892671 -0.0100285146731994	-0.0897642729309824 -0.0900828654621593	-0.450294811125461 +0.329508228245578
230.1166667	76.18333333	0.344161203665249 +0.136227190764330	-0.0897841034909166 -0.0503401975258652	-0.284141262937717 +0.0232381816710176	-0.282565661573218 +0.519647623922496	0.0688307649251102 +0.102367731520006
228.16	110.72	-0.237211992673287 +0.105602562866614	-0.304596956764257 +0.252858374350152	-0.110082524975500 -0.576486284240914	-0.172379889264321 +0.463423555562648	0.366599846657118 +0.154189032774676
219.6428571	349.7857143	0.129208172392764 +0.0243558141898759	0.283773466928393 +0.472038568738178	0.371790879003543 +0.0258206726684023	0.320769346735288 -0.131151102763774	0.378642317802124 -0.172469573837775
222.9333333	436.1907407	-0.119338796494281 -0.0476335127772929	-0.361008868180581 +0.0932673040923254	0.291309637409554 -0.287528043835841	0.603388824423831 +0.105383261323297	0.247833503046702 +0.661113811187054
227.9472727	375.94	-0.0366678883236559 +0.0649613179859423	0.317818258491286 -0.141645937648746	-0.591686107527477 +0.337322351474343	0.708845192720152 +0.0438890090819823	0.106404851891557 -0.276584697023065
249.2714286	300.1714286	0.499054484471895 -0.201773389150664	-0.369259433792921 -0.316686245237740	0.460136121423552 +0.210148470209373	-0.314417204342017 -0.442144115120193	0.624626844980515 +0.523130810922915
228.9472727	405.54	-0.453002715730278 +0.0407675649242915	0.336868865172526 -0.146225275570865	0.0330507919551107 +0.217857165662835	0.275031761862802 +0.297594495897492	0.302376310406421 -0.549004946146173
244.1	329.74	0.0804799824894309 +0.162380843734871	-0.117563257470963 +0.0572974332086965	0.200545555052516 +0.205983415610536	-0.572079630005685 +0.697579219736530	-0.0279858636683917 +0.155387805864536
237.4	472.5611111	0.283793938309929 +0.333425062844053	0.717250786609958 +0.199970631562333	0.531897831207958 +0.497125538238787	0.318461499957421 +0.688452075028838	0.424050026310573 +0.797670548432445
254.9285714	232.5714286	-0.282697174311071 +0.225238778294791	-0.383060790981349 +0.106528458024452	-0.0638254776411390 -0.462668861153924	0.206119566752893 -0.288388695940719	0.197501601660922 +0.287155265292889
246.72	422.44	-0.0770054434264464 +0.0488183508433952	-0.240637547618192 +0.362318231695094	-0.528896951815985 +0.284359579684393	-0.739357006263931 -0.195822346860166	-0.0153365046173310 -0.379787789373510
261.375	491	0.504101507253405 +0.213682466561603	-0.803110729377875 -0.0367030151745380	0.727551830173461 +0.192906510866828	-0.780255297251058 -0.373637328014214	0.902995115790314 +0.333289237821869
251.3333333	143.75	0.249936936179414 -0.0546312868623048	0.594313792456061 +0.0208561083193349	-0.0647469427492779 +0.183080309910280	0.0115668304642597 +0.286179044954856	-0.127185432392815 +0.459277145691322
253.4166667	391.25	0.248077438114550 -0.102039254696407	0.195329007401548 -0.475214428215107	0.0651911362771334 -0.199660577644582	0.00232194233449893 -0.467602623432722	0.284113742002734 +0.0495061823683975

