32.425	389.325	0.0626615588742294 -0.277727816143902	0.0974462725056970  0.155445035859196	0.256030329183395 -0.875341825310246	0.152989837775951 -0.0537823076779201	-0.615391713638070 -0.340386695291133
28.04	78.16	-0.0337801932020233 -0.535515162308658	-0.136504471830903  0.0548595420039748	0.0605000537950195 -0.0347995329812357	-0.153549675704854 -0.351393600643816	-0.115248787174831 -0.490556679762214
29.65	112.2833333	0.163487478360637 -0.120448372669168	0.0986465502145573  0.191579543339503	-0.0631431076668063  0.0277176010764025	-0.124078658829091 -0.251655051246314	-0.0361210111149908 -0.728652143153388
34.17142857	148.0142857	0.139115644091659 -0.176968650659668	-0.147416401214481 -0.270373159127552	-0.0903783084062311  0.214510407469616	-0.302954581618705  0.268693585754482	-0.0387925743351315  0.376181485671026
42.24285714	319.2	0.332564598283189 -0.276734068585294	0.119912310712497 -0.0676059898507825	-0.207655779132673 -0.107150938701786	-0.381786816840785 -0.235947477598563	-0.397618130680018  0.583524866096929
53.92857143	272.0714286	0.302483266836724  0.322563062768439	0.00717662905995110  0.0363187942774601	-0.178495206733610  0.500000127717756	0.0165566182518971 -0.0954112195629230	-0.158054847179914  0.481934959307604
41.41666667	227.5833333	-0.404994085950848 -0.0182678407149429	0.0234117575407303 -0.0238021535217951	-0.0424648092095005 -0.0143991857678274	-0.214538926970507 -0.600444494341474	0.643481962380878  0.170617394788573
50.44	357.28	-0.0333757250867960  0.245101606057191	-0.608946711611326  0.136546000103347	-0.314208784445568  0.414030739545801	0.427100569377192  0.102078872092929	0.196715630019537 -0.512513951733972
53.53095238	23.64285714	0.417493922172617 -0.438094367816339	-0.0981329365623929 -0.0691489620881586	-0.0305472774439873 -0.311765258723068	-0.000834742149647369 -0.365998058113785	-0.0839356869907568 -0.528394215058158
56.5	182.4166667	-0.0916819361379554 -0.285063201659334	0.137949556796364 -0.0578833946365786	-0.0132124083956577  0.414521474715184	-0.0591689615262928  0.162167664019224	-0.182253263329906  0.401445511624775
58.25	50.58333333	0.437790887261732  0.0328165298076067	-0.0462621818385532 -0.148964454444950	0.288453657274656  0.120928032821410	0.203245407524673 -0.122309647202270	0.479288768306363 -0.373203073893930
59.9	81	0.128549252046289 -0.350649167372283	0.226579486013078  0.00657006470934944	0.335799403999017 -0.137945893454749	0.154202029035741  0.484378096019131	0.173248684972887 -0.510491294832952
68.41666667	454.3333333	0.182667548329379 -0.136885915438174	0.0699259116966843 -0.0985518856323976	-0.0285738899706645  0.138460019989603	-0.452488523532285  0.0202441664052486	0.496815960369323 -0.602710826606963
69.03571429	401.6309524	-0.175514491952305 -0.296420577390190	-0.00246215984396494  0.156571876245262	-0.110463977646823 -0.196746303890792	0.00820275249118548 -0.328203339244237	0.482773009347838 -0.0724942882746643
72.78333333	107.4	0.0170373584978591 -0.729452650480269	-0.0409381506024642 -0.00984593671348353	-0.651763667013077  0.181431293434075	-0.116778098966799 -0.0332315155921569	0.0382116207862234  0.491636988642732
77.91666667	208.0833333	0.176483383685801 -0.296966767371601	-0.391667870786237  0.394875916568647	0.0776029132058225 -0.325928000064302	0.412065599841866  0.171480257152745	0.179019918611417 -0.160769149296800
72.7	239.8	0.157431290580806 -0.139909276883394	0.286079918778707 -0.405856271748059	-0.435812071795820 -0.367386251004076	0.542350034297206  0.231682585204877	-0.519642990829249 -0.316775877001050
76.18	138.36	-0.0406985535627966 -0.554872894485691	-0.160824662557140 -0.268606494877167	-0.265629635525618  0.131723765582078	0.186257321937348 -0.0220127555901864	0.115459721601702  0.160651575973142
79.9	349	-0.418018057989662  0.139095325775895	0.296838287076597 -0.558855688047803	0.196241817416223 -0.587350777746189	0.0171594335736130  0.227098851408650	-0.203120236816509  0.242368105242463
87.38095238	30.55952381	-0.186807095056494 -0.0148379251979989	-0.0773834101220651  0.260985212389870	0.512739938420617 -0.103450656736816	-0.356169218700507  0.364308635909454	0.0714634254268895 -0.507684791498266
98.78571429	308.7857143	-0.0232522348052481  0.108784035089969	-0.325216626379113  0.0225334663734723	-0.101762717872920 -0.530338103088240	0.383099855706601 -0.110582481589403	-0.0704874423039568 -0.0905033727887397
93.77142857	66.52857143	-0.257973440518538  0.211855903377599	-0.174450561426752  0.117171163402383	0.447937549946502 -0.106647471153684	0.205158770138020 -0.538847096978111	-0.00456862277787781 -0.109732165211214
101.8571429	261.702381	-0.0199294916705881 -0.0474979947971138	0.109438839077606 -0.321244637288611	0.203270181507292 -0.352227696846741	-0.452755899642729 -0.230739630616525	0.482135516700146  0.360108226536634
96.15	157.3833333	-0.453777277323577 -0.504499303014741	0.192482709112485 -0.0457346284507222	0.410365431098797  0.601649545833983	-0.177263417525601 -0.236348214548335	0.144549958093105 -0.835268397423440
112.7083333	421.5694444	0.185514939553188  0.0389570668120046	0.398294824788823  0.362450550896087	-0.116912081164104  0.0480021553601371	0.0343469337943977  0.413658831521868	0.196067306730335 -0.282651271640591
110.9583333	367.4027778	-0.340027686668419 -0.341397146778385	0.178027108037320  0.209507128709507	0.278372436184793 -0.199670629004011	0.297009778733007 -0.612619634250767	-0.255035652415011 -0.0946754268070187
117.8285714	177.3714286	-0.210138213985813 -0.675915563636180	0.110214400211312  0.131185067343508	-0.101199479247003  0.332922476905327	-0.136120546128742 -0.119284296287993	0.299299955451968 -0.364149102246601
105.3571429	223.6190476	-0.203176009342454  0.0386131928953771	-0.438462763282324  0.249537235480938	-0.331243852559777 -0.683571146594701	0.323944196452322 -0.758303325957045	0.707626197435453 -0.114876450201945
106.5571429	106.7571429	-0.402845450001732 -0.0436002118004523	0.360820460153167  0.138657825137617	0.517333702992195 -0.141433572815450	-0.547390510717762  0.0870804702296380	-0.418790875594225  0.262519042594539
119.0833333	463.0833333	0.0454325225985963 -0.372112017054500	-0.178905379487888 -0.371759854901739	-0.490557028555946 -0.0714630033847955	-0.381684418469427 -0.00264175405333563	0.0731458841565350  0.0572432703543509
111.96	22.06	0.512148466600447  0.410560746213062	0.344859391967608  0.0601495788287271	0.104361424390441  0.316565790312199	0.305574812355958 -0.0610190432865574	0.216773345893459  0.0974244084629880
116.55	46.66666667	0.148451710276147  0.276731382429049	0.0462205595872222 -0.501629351910954	-0.203849964184778  0.336433769652249	0.150371913098719  0.0573795547798968	-0.0103581232889638 -0.0427013794774010
121.84	77.46	0.0608380950816037  0.0240600082979710	0.313290621649310  0.192929934490555	0.595698955904783  0.221348134525625	0.395321769950726  0.720766771902256	0.175494468601531  0.245277416789636
125.6	133.3	-0.187707808564232 -0.0608564231738035	-0.0925048010545527 -0.425226855164943	0.453588486518419 -0.205402075265352	-0.308343913678602 -0.534872750010275	-0.605535977245468  0.180650461114322
128.5	200.625	0.0451515705561852 -0.317975646323180	-0.311470372947738  0.475601850770939	0.401943417886411  0.537119830861154	0.401697868121276  0.352930982068645	0.358685255527172 -0.638358768802376
131.1	277.7727273	-0.160482829299286 -0.234694561290257	0.000942962556525449  0.174013531711111	-0.159815918070450 -0.0121978289113722	-0.560996913704149  0.494864279601641	-0.0325226865445423  0.159255431899942
141.5	324.3333333	-0.401022436807725 -0.0487361545015621	-0.200586042385636 -0.170253685545640	0.383209358007724 -0.241729926895284	0.430516498782745  0.190630641237582	-0.373665423343208 -0.295125102231521
148.5	384.25	-0.380585448909651 -0.0948243871559232	-0.0513928170001840  0.242255134733244	0.222971016689976 -0.0538287855235348	-0.362673931455978  0.207769555128563	-0.599259044572893 -0.534669113048673
142.9333333	101.55	0.000149752364045110 -0.0679603455740007	-0.371185119797386  0.240589255439340	0.125754098081042  0.410427800502220	0.0590358568387362  0.374118198293622	-0.299637110053011  0.330742917995959
136.1404762	236.8296537	-0.361516389050528 -0.115446325456987	-0.120533350858322  0.252958876093614	-0.168672525242542  0.277422247890764	0.654330493714497  0.0649413538534172	0.611633022945127 -0.568180292233766
149.2333333	62.23333333	0.0366454431930467 -0.0586232308177160	-0.275778680276368 -0.495897641346675	0.161933311699169  0.104650583734415	0.0378311237079513  0.252446166630266	0.510435589002667  0.104507640935212
144.32	33.34	0.174194210107952 -0.134072668529962	0.0803188002468985  0.171818378680438	-0.407632712092695  0.522815964220310	-0.497163741920477  0.437280119219268	-0.0249375067934212  0.524844681043740
162.0142857	138.2571429	0.162186195201429 -0.214932002033051	-0.00967317401533237  0.484828566304986	-0.220416772605241 -0.0639327414137812	0.376949190349913  0.252233763170114	-0.0726966490556182  0.0442315884499660
171.4166667	463.6666667	0.408252002872779 -0.561706297288119	0.363886907088971  0.169999247803510	-0.482671261234392 -0.475079179292649	0.616570163556920 -0.0784301214371103	-0.553859003851545  0.194049208630101
162.3571429	190.7857143	-0.178853091709761  0.0333439111604348	0.251937940113334 -0.375680018110538	0.0546079154899262  0.431304504881124	-0.277503817394669  0.519868832747737	-0.0510559376881314 -0.693220348360017
164.3333333	427.5	0.337463102315720 -0.159148546958799	-0.120795899952981  0.383208829545833	-0.294384763799198  0.378977075120323	-0.449955358798446  0.351671978276851	-0.754119107758096  0.197252201282263
182.8	490.2428571	0.421876007636284 -0.379877983243168	-0.521838114491631  0.103720447708304	0.238194203613820  0.213624604355134	-0.479326752533552  0.284570649167478	0.905298206203889  0.124028198650906
167.54	287.8527273	-0.176599116998797  0.319340961606687	0.151172532227407 -0.304272868767294	-0.500276972958657 -0.555639366487023	-0.331800063788777  0.535293486929839	0.559958095826825 -0.275186751500965
181.1166667	244.7106061	-0.0414260297806180 -0.0641201653819685	-0.555482665080958  0.217309128203288	-0.0152041676270096 -0.165140973421519	0.106729618592032 -0.108034175322868	-0.408139668918624 -0.291271812274845
189.7857143	332	0.220896939901395 -0.470844564868224	0.311497383851915 -0.145100374907352	-0.351717699589862 -0.555739368268271	0.0126447776502689 -0.371791434168258	-0.457275408912178 -0.189210009759042
179.8714286	87.54285714	-0.206582367150430  0.0684215939446671	0.360403322981108  0.0581485050586835	0.458197950988895  0.139062156892679	-0.325625339089981 -0.111397386768640	0.000954030924112236  0.314244684547933
167.475	22.8	0.138873501513191 -0.203167541786528	0.559408066792299 -0.789410356480750	0.402937844009925 -0.312957940620752	-0.186640705655808 -0.503938052364020	-0.252201304841128 -0.953009316078363
187.5	386.8	-0.216194212123455 -0.112994350282486	0.0490896566348992 -0.0486923934325306	-0.140236990321752  0.646036819768246	0.647331568202409  0.428237034315100	0.342544091145189 -0.374995099900502
188.6333333	38.65	0.0753503545817131 -0.549722003958584	0.0734875636423496 -0.0281312783310960	-0.0648639848082411  0.0475090671122742	-0.164102710943337  0.0915126373084153	0.264114419492349  0.347032238469261
211.6	126.1	0.351908657123381  0.373295841854124	0.267293502044898  0.371443666441489	0.191797034000675  0.462251288508864	-0.211270559290673  0.0208897977250645	-0.180090300946750  0.889782150143751
206.6	159.5	0.253136787770499 -0.303226126662696	0.154142189847290 -0.420287285378246	-0.326219098532499 -0.107576940851951	-0.826042612613116 -0.299066167996720	-0.389681434458560  0.102548195662099
218.6	61.9	0.414027304534748 -0.130668435134579	0.0470163550898623  0.0619643002460859	0.591356815184103  0.00773190838473182	-0.523378248890706 -0.324705081983498	0.640676886957026 -0.0695605917126079
206.64	288.88	0.0771459509724150  0.174823044310806	0.217977902513313  0.416538045603822	-0.674823453701824 -0.138861817734574	0.144702472920912 -0.398377467957766	-0.244438961174277 -0.151518154993636
228.3375	201.3125	0.328054507594602 -0.0193662149461265	-0.137843803401206  0.115625062962360	0.350926788921505  0.0410446959694955	0.0756452748861932  0.0709906136939079	0.133744698246106  0.156680409700156
210.3333333	422.5	-0.258236214993912 -0.186397634371195	-0.0185053831561861 -0.00440647086603735	0.0669378481182468  0.625019577782878	-0.167792107872524  0.0230953550320673	-0.302617103499476 -0.00792585764022665
223.8666667	460.2333333	0.0775023613202970 -0.404085722308733	0.0380002568358379 -0.0597979844998370	-0.527545992782377  0.201944054002653	-0.400239706552688 -0.545567088444563	0.150870956753940  0.139019960038002
232.1428571	360.2142857	-0.465150888797024 -0.273799090533278	-0.100055039892202 -0.0248608326358645	0.350573484754973  0.341401970909386	-0.109386305593802 -0.267603800223514	-0.222959013161061 -0.116859978233770
235.6666667	107.25	-0.0315160884881601  0.572210846821543	-0.373273115675695 -0.0325521219735440	-0.155907707183779  0.435624295965941	0.387618621693900 -0.449434879635101	-0.400359978418962 -0.314989682127260
225.52	254.64	-0.239384974523580  0.132637202307468	0.235300078757683 -0.00206956293632488	-0.192481344316649 -0.255981903528637	0.0154251183037020  0.880989267699488	0.337593160696256  0.0627185047274864
240.9833333	35.03333333	0.304289534105786  0.418833141813122	-0.238831704150725 -0.297125335639033	-0.234290942084653  0.400460232089906	0.558135081894360 -0.231944760516336	-0.611015692992656 -0.241587782263050
248.25	153.8333333	-0.265531926184380  0.0442575321384507	0.0273377553361343  0.294456797272340	-0.0899329713420750  0.0478747467585186	0.0878138065286430  0.508381437364858	-0.623234921698379  0.299136164139663
246.5	295.6428571	-0.256235083155489 -0.244326863579538	0.0804154254870938  0.107006404776886	0.486927800794602  0.347809225314421	0.638645421410027  0.0842726130941147	0.0450178680416128 -0.0485726359752613
253.45	413.4833333	-0.144583483166779  0.0484191186469359	0.0100484189017466 -0.0226053440855183	-0.387404383851813  0.164939186254613	-0.392528287633713  0.162104465904300	-0.391987615095852  0.474692505731138
261.4759259	239.05	-0.413933729874725 -0.138070894238918	0.0461980859469166  0.0624911441290251	0.396219913116686  0.661541524835221	-0.125615428892269 -0.0408204836072095	-0.256113931275502 -0.236246469372058
266.4857143	78.61428571	-0.408169994348818  0.270686087470098	0.0923353711884146 -0.449882713385325	0.437831943429299 -0.0893520083772517	-0.0898347858028334  0.482170397039600	-0.330551774064568 -0.132632396490717
275.7	368.2	0.174155871242845 -0.138444068503627	0.0976276607216086  0.0453932270056495	-0.478952167700607 -0.291433257892463	0.233723612803379  0.735299726597774	-0.384367919689206  0.0891273779848957
272.34	461.88	-0.230034027063385 -0.0300174091952202	-0.158515252472925 -0.0975626119937865	0.237185089575368 -0.419614021014631	0.877762576522883  0.258874544421352	-0.162491808811961  0.335732331386690
279.0833333	325.9166667	0.0451165178793249  0.00816536098183090	-0.294556565037079  0.703379475396626	0.0304050833518179  0.146676513358142	-0.0833399283762566 -0.133137482458426	-0.160689571839359 -0.0642077452305526
264.75	179.5	-0.378157947085737 -0.431271135866322	-0.167849137604400 -0.638424800687872	0.573214513877878  0.384894926965690	-0.510779174826520  0.756580159681564	-0.585682881428622 -0.490799923451538
291.75	277.6666667	0.190645386288106  0.0552414557091864	0.274611960758926 -0.139682591646852	0.361832670142794  0.315275293585978	-0.222751189175644 -0.352625991005405	-0.149290002668371  0.697718158043436
280.6166667	42.18333333	0.233977267217554 -0.104070705741378	-0.106550044654253  0.0666015540579268	0.237748872025144 -0.0376563922504521	0.119011106614950  0.215926266245366	-0.655109696282958 -0.316386929876623
280.9285714	142.7142857	-0.0680004611069127  0.162232782139792	0.412060136292329 -0.0419496673011418	0.254902174306198  0.155375316018811	-0.0818335426390408 -0.295184723097756	-0.177459259283086 -0.438071951574569
285.7507937	191.1571429	-0.104740420354137 -0.455741200769666	-0.322355596840300  0.0678496571414100	-0.678673629166721 -0.0510412181642535	-0.107753290956223  0.224129965043376	0.220084896537375  0.190200757384878
305.0092593	238.9166667	-0.0278654816495258  0.509533573557830	-0.115931231112008 -0.208121834688567	-0.628242807751445  0.0499151409784923	0.680422986348094 -0.0237106470109692	-0.421610699340083 -0.590057711120549
306.8125	416.875	-0.365914396887160 -0.0499885557335775	0.226669549905273 -0.255008791028037	0.264714623071919  0.111388814054011	-0.124701382306565  0.351041493687275	-0.522994226597501 -0.262590477911714
304.08	69.06	0.305510237510238  0.373747747747748	0.0919986403382332  0.109502653232668	0.0730167127682951  0.276513441766580	-0.00151497808228372 -0.533236856547193	-0.0177520151616516  0.265413538544190
309.68	105.86	0.0381208125066469  0.176825658477791	0.0396943961578535  0.0241231730251634	0.313298475892112 -0.0549583698390578	0.0908779806799847  0.909767366958829	0.0877127043810641  0.203987463006706
319	314.3	0.00604520970056226  0.115258861995154	-0.0464477283850439 -0.164797063396917	0.0653687165279336  0.465350985441344	0.327188342701678 -0.850182438331855	-0.216813844124907  0.0618755593537356
317.18	48.64	-0.0709762110588166  0.439322191272052	-0.531223864385845  0.0965119206876625	-0.326878541675892  0.198604563504628	0.337951016631419 -0.125331605371861	0.0841106805018206 -0.499543130479094
320.5	356.3333333	0.0726641194859327 -0.0456408475164987	0.247163465256180 -0.395081743850805	0.314366873429794 -0.213994039800980	0.713433602610527 -0.0689795994313869	0.298595371874949  0.0284344352604706
334.7285714	143.1714286	0.102046066568966 -0.388245979669438	-0.0918992777989259  0.407378761724248	-0.293604691223466  0.199292680570096	0.366096131858405  0.0684552649029774	0.0518254066944831  0.157415792654205
338	463.5	-0.208035714285714  0.319419642857143	-0.168819083288766 -0.0241750938740034	0.598377708309383 -0.380960205875143	-0.420146949941562 -0.570093216113706	-0.0941834549504632  0.805325351134907
334.24	193.42	-0.0325951751422797 -0.376762057278852	0.429456075424976 -0.0163171028261069	-0.0123737445709222  0.306163094428266	0.367019352596563  0.142016415152494	0.657506886132053 -0.189999586490479
348.5571429	280.2428571	0.287239698623019  0.257734684333593	0.0993629387085644 -0.190385540084202	-0.0341212772600462  0.398151247008297	0.0811825813766861  0.320944403949296	-0.151111606467006  0.0356611884558625
362.2833333	226.2666667	0.0971218320921977 -0.549568344323600	-0.258695628675617  0.140074632136125	-0.161120661385331 -0.128132678839678	0.307807685328351  0.0868672194337146	0.112880839594558  0.352098492708374
344.8571429	86.41428571	-0.181477994554179  0.234616695200780	0.0443588684232516 -0.176109612302481	0.414215399283124  0.0704346532748772	0.401688005262399  0.526442336505253	0.233755833572551  0.493353173756912
343.8583333	41.43611111	-0.139414734909690  0.386363591508037	0.179326505598965 -0.263838836049966	-0.513596597499559  0.213979423488396	0.204727003419423  0.136268609449556	0.314282324311232 -0.445262349423695
364.8714286	381.2428571	0.303522336609506 -0.372727493177490	0.0920245780054095  0.347929236791099	-0.0211474010699872 -0.324795944095334	0.214792992240661  0.143854873686919	0.0770513528376544  0.127034803625136
356.75	428.6666667	-0.105128585515695  0.398244220851186	-0.238289518718296 -0.0824797905535381	0.0975314130284106  0.179466813351495	0.485512287417708 -0.0640931890933370	-0.169444169263536 -0.433903809954163
366.75	330.4166667	0.143327957366244  0.0533903653320245	-0.0229468598166215  0.142065167766010	0.266727894257995  0.0154846509287617	0.446297128864170 -0.0386843293776671	0.541713514951750 -0.613320449016779
379.7833333	476.3166667	0.141640522772777  0.0666834828396208	0.363695368169090  0.0147535175098064	0.357016466480545 -0.260500389103200	0.0838649928105369  0.416311137715377	-0.273166495028173 -0.449576292421015
384.3833333	119.9666667	0.0164024080872287 -0.237752209896954	-0.148496275380520  0.0534983266139152	-0.358399915413308  0.0805887595737216	-0.307789767399552  0.0831664087859989	0.295362173907862  0.873363703699586
380.1166667	169.6	-0.143985568136284  0.312401833401243	-0.0655280284631396 -0.221832548564752	-0.0446275793857652  0.366465064814866	0.324424661863339  0.472897559089683	0.0954952660060040  0.187742867679828
384.75	31.68333333	0.428575107915151  0.212520733101878	0.230568415151904  0.427454874744640	0.337132719383325  0.286786356377789	-0.0213690641019267 -0.00461773231792528	0.0336289514816380  0.703174781441115

