33	167.625	-0.624182289151337  0.257218539169630	0.318056548321498 -0.120301778270671	0.188464922940299  0.157530119715818	-0.499088626053943  0.467278214584056	-0.121056315549398 -0.669940711776713
43.3995098	100.128268	-0.601965541650848 -0.302777495973503	0.273180677878586  0.206883926486187	-0.101585024193792  0.343206179049634	-0.144487355783916 -0.396320175547835	0.314582932128970  0.184055618062909
67.16666667	265.9166667	0.460335223948928  0.0478164661596765	-0.350688406215082 -0.224917296480161	0.428054852313384 -0.127197500277832	-0.310140761454587 -0.0218230641444083	0.509274904966909 -0.451738078400299
42.33333333	353	-0.0584355719452520  0.252960782923197	0.0482362555485401 -0.478159638421340	0.205682301415723 -0.0710396411005288	0.802336582509257  0.133336179721913	0.232383689893058  0.372017051283952
49.66666667	214.75	0.0394268570934417  0.0482940749955098	-0.148320216843369  0.209340316474599	-0.437522770030673  0.518830427676124	-0.810829671667737 -0.249711036706377	-0.400991678450453 -0.475202831473396
48.7	451.4545455	-0.193939508160961 -0.114782558833342	0.499448519549001  0.0942897854964159	-0.345969359056378  0.580668986189223	0.0336026195240101 -0.700329946207091	0.620045937071498 -0.0659460460204016
67.58333333	158.5	-0.405704500579536  0.144959781931283	-0.0900795504559222 -0.127823283848856	0.0249317489916525  0.156717391326415	0.100767157502440 -0.0470505850253732	-0.350740254368490  0.316575218963805
92.60784314	53.80882353	0.174733491218656 -0.367410833517135	-0.229833387089990  0.383223631251517	0.282346755724382 -0.398427248151026	0.239278638314160  0.217669076276033	-0.211144068103177 -0.288737190665108
96.57142857	373.7857143	0.458860468569893 -0.464850186338918	-0.00787443143871400  0.0537978873065648	-0.204031257248273 -0.664049294893021	0.169225663262179  0.236479384498272	-0.460635091189523 -0.178336263760641
89.41666667	321.6666667	0.0581099419045457  0.121367826805040	0.121199650973227  0.367481362977070	-0.223339142479037 -0.0576765191823258	-0.476809332856450 -0.148321296639708	-0.191306348131867 -0.726383601695319
81.1	418.8	0.295585755381411 -0.139629005059022	0.301001482840820 -0.250226202782540	0.232696231044967  0.318186154875232	0.0778804186562365  0.401875992796922	0.403124736318303  0.0758276252466109
81.52941176	106.6705882	-0.316894947186911  0.131403820834045	0.124425794557670 -0.154261193544713	-0.650041817132738 -0.443241703106002	-0.150275213509097  0.779125822922021	0.730890633934939  0.0342916758138797
116.875	456.5625	0.398858408245177 -0.249614372358925	-0.0609964906750230  0.0651617483495063	0.484177649589174  0.00470014665068606	-0.227564251567315  0.0149639532867776	0.593939134915181 -0.285601815868424
107.4732143	213.9107143	-0.426752885836857 -0.0372027110697600	-0.0696805611701592 -0.297344122716616	0.138621494782302  0.177965982741657	0.242008999338475  0.504101354259850	-0.154917189859530  0.261733748527029
105	150.1	-0.265665151215655  0.260179877446136	0.303821657201940 -0.108308634922886	-0.424781683644368 -0.242035357378883	-0.254074098166241 -0.465211262947470	0.639550849000990 -0.368015457850786
123	280.5833333	0.152117750776189  0.237065429874660	0.231084235360523  0.0382146596267724	0.499794646734142 -0.291264905420839	-0.0427113482574571  0.756850008646854	0.0580938794874853 -0.0853020513687792
142.375	92.125	-0.00357573997952354 -0.356764108127932	0.0731125497680720 -0.0971444200798323	-0.203630998842831 -0.0762787217238006	0.0339526021990291  0.115135458167952	-0.206820745981445  0.174959632745024
130.94	402.38	-0.0551241561722793 -0.0865076388614743	-0.0424719566447352 -0.140681347078388	0.457168383819413 -0.260953917750939	0.0107010193297593 -0.836684289546037	-0.197340504207503 -0.0690431923636964
157.0571429	244.6571429	0.412801673013655 -0.328260711294505	0.115476784571294 -0.238775157677877	0.331094291706229 -0.611220412554800	-0.129584537940108  0.261659582821479	-0.110563511814296 -0.902776745296810
147.7333333	159.3666667	0.0453846107795188 -0.190117278000946	0.226675358756470  0.362678302316231	-0.0337555785140077  0.170171105187690	0.622531325950332 -0.379386808055659	-0.0304889682951605 -0.488513602114375
149.95	323.8166667	-0.00307003044601003 -0.418455783932737	0.341707439879164  0.0675244002217850	-0.237381215936073  0.302679047568342	-0.154410736581383 -0.416451021578930	-0.0705260423155520  0.427058651502206
164.1571429	202.7571429	0.248057108549972  0.221228652833738	0.0146608298717852  0.117926305503561	-0.366341109961724  0.243755494050478	0.575926881993545 -0.382200309615172	-0.453010380048624 -0.144171110653643
169.3428571	363.6428571	0.207751571052786 -0.313290349410922	-0.362186875815515 -0.272105667495317	0.209588191459583  0.0515876904745028	-0.298824220085733  0.193056883468254	0.0774270531745735  0.155701594228232
169.5	419.5	-0.238725969371131 -0.0716194200065164	0.0357257503639514  0.158642272082482	0.337428711738699 -0.242144407391395	-0.358023757646622 -0.0322784965752195	-0.0465582469321791 -0.617321595847861
196.0285714	269.2	0.379344999471855 -0.459408779280616	-0.00408208802610431  0.283464864724719	0.247108582559325 -0.404203328926675	0.0935351120267906  0.333408850924052	-0.0685654544275087 -0.497536755937807
193.25	123.6666667	-0.0859419425817912  0.0548176102175158	-0.0943034923351136  0.206352895984206	0.279941167994483  0.0656375540398648	-0.483540055798432 -0.0557931890378567	0.714240837023448 -0.0565989337484092
190.0083333	467.1208333	0.0486895053614896  0.316425392119812	-0.156626160453861 -0.463748550432441	0.358294125067816 -0.0513593747476186	0.116747899807407  0.163208754942078	-0.665513920262697  0.377199476400394
198.72	38.66	0.257885532329115 -0.553136394383858	0.371627985226891  0.0827117439103458	-0.277663765811440 -0.330647775589864	0.0612397585232566 -0.0393554884529173	-0.0799499268473664  0.168348752280896
198.5	174	0.143293703214443  0.125301629238221	0.0103735549021869  0.0597006485776920	0.270719768117899  0.514221345546717	-0.0863034998492643  0.858023053899051	-0.0792768723668057  0.339903458870158
209.34	387.02	0.391511865343355 -0.276986371151912	0.102251932889422  0.122318550939387	0.318878275985691 -0.201192301950485	-0.499514123451972  0.189694450335022	0.294702990765052 -0.241872453354142
216.0833333	68.08333333	0.342457455684195 -0.498131364503926	-0.0272033168668871  0.0495364144059014	0.0579945398421192 -0.0954198501314554	0.183803068125736 -0.0272961610878275	-0.0834986425482080  0.0726237618906538
212.7	309.65	0.148485381057261 -0.490945192519828	-0.129557536849187 -0.0934941999450720	-0.303279603488710  0.134639890938115	0.0682856136234750 -0.0886523377733986	-0.177308642320271  0.126850958602819
225.2166667	424.9333333	0.272870999691428 -0.277127440114553	-0.148875960899231  0.00143755334438288	0.0614929182755094 -0.184659150838799	0.215168003293592  0.209745508701276	-0.511893629617292 -0.520152156473106
222.5714286	212.4285714	0.281351409227931 -0.554161793532871	0.108704690590784 -0.180076111462652	-0.0300019966373870 -0.421759329114848	0.222687266645041 -0.224093546295982	-0.186604547609724 -0.244340254452669
236.7833333	347.85	0.448887943226904 -0.0683454948245871	0.211380145242761  0.0569284492525648	0.499740511760340 -0.125319040228553	0.463399964902082 -0.125255333330928	-0.0679754770866165  0.0765128058765319
240.1	99.5	0.0830721003134797 -0.299076505973058	-0.152523716489359 -0.114227492672367	0.123992085521626  0.369878370293526	-0.183017615192665 -0.658755030634500	0.480537618659101 -0.0239731686004143
243.1833333	152.8	-0.137860436213124  0.0356871383154028	0.0348270721175622 -0.261269597848880	0.416100882003010 -0.00769963934268357	0.472226566177896 -0.109915292645492	0.424373455684143 -0.360520129085488
247.4	467.2	0.200078277886497  0.0786105675146770	0.0169599313406254  0.308044183441517	0.158668343082996 -0.0867822920224083	0.714876366438535 -0.248057869750862	-0.0245922351604053 -0.0274533562673102
262.4166667	231.5833333	0.147810143509009 -0.494782117205917	-0.168366467363281  0.372535126165552	0.0137056613834769 -0.182665215388818	-0.0957565942326571  0.171927415915234	0.291100212153838 -0.383108748482635
264.1666667	272.5833333	0.545216491971863 -0.0534573434164876	0.0100610436829002  0.215240415644409	0.328775817992185  0.251884424159334	0.157435765718632  0.225602231401068	0.450979577231603 -0.0261510094449309
270.4	310.1	0.292798575805817 -0.110135401153734	-0.0403344668462516 -0.218588028157973	0.293851040550208 -0.136059288792542	0.276819773695199  0.593217225205183	0.139594171486887 -0.152263959915298
267.0833333	383.1666667	0.138576540957660 -0.164097609346495	-0.0943006559222294 -0.209985005451423	0.115587268819692 -0.249168567378377	-0.201332225916113 -0.626638758770546	-0.594127317954865 -0.580483215822023
280.6428571	73.64285714	0.178370945065320  0.449083053682666	-0.104059790868288  0.00624071872597528	-0.0984510825504157  0.272078609990813	0.274181333690023 -0.429979464668304	-0.364878490870138 -0.289699098885923
285.1666667	433.75	0.0572325028867138  0.165113987413323	-0.0702541507038492 -0.158689001699610	0.163482586639267 -0.122772817558130	-0.203949618280895 -0.114086675864989	-0.144064829393258 -0.756597532216705
278.7	119.7	-0.381841939698979  0.203891012921647	-0.290951982583881 -0.214218736232339	0.157495614175035 -0.532479212288043	-0.297239822485998  0.112523078939831	0.254972427029205  0.796471398739218
287.7857143	177.2857143	-0.0631543703113831 -0.373623390373461	0.170684081727790  0.134664204227238	0.0160321368837334 -0.225237861358420	-0.377440470238310 -0.206045425322186	-0.575715448872044 -0.155957983720496
302.75	340.4166667	0.110872038044595 -0.284142146449765	-0.581184460319029  0.00344808155629794	-0.165964056582610 -0.249251340400497	-0.536005119337797  0.338123904295201	-0.306503895133761  0.266506285511002
306.9	247.8	0.391306545362649  0.0631286328026282	0.296009492743603 -0.236222597531248	0.267100555481252  0.0785691574290477	-0.243875009630495  0.268173918796647	0.250192897179860 -0.139864872854780
318.6666667	212.9166667	0.475075040154659 -0.0277048977782300	-0.204060392785757  0.0784234681377944	0.429091545764763 -0.210364170227050	-0.0672746708568416 -0.148330775324901	0.327781952130020  0.253408712436966
316.3833333	37.73333333	0.210645140137012 -0.0921693768877982	-0.300038931034991 -0.0387775954108796	0.277473986625037  0.506549423555840	-0.511519342399684  0.607916767367561	-0.138974437778116  0.0934611670420702
326.2666667	391.55	0.115248683005102  0.0357255046610622	0.207735073760827  0.215252665108931	0.242025405711272 -0.323201898594907	-0.0642801527229209  0.147856424561706	-0.170044361849428 -0.739088646165524
318.0333333	127.65	-0.156635019352278  0.339282146283370	0.307567787512823  0.264643368812080	-0.258411294985417 -0.488997673661339	-0.232822738929995  0.252643548222171	-0.0858288130097746  0.109734140270607
326.8	287.6625	0.00624578101934676 -0.0347412399743833	-0.413150718734193 -0.0165277529865166	-0.0160214410220336  0.361113367668071	0.204883791097750 -0.119640977678249	0.369895496618681  0.100398454480729
338.6166667	84.81666667	-0.119703376149727 -0.109937312253169	-0.583295609538403 -0.231139632163705	0.0586756531944818 -0.00452816794947608	0.184798720109559  0.382839254416165	-0.230643483667946 -0.00430090956505982
341.1909091	443.4893939	0.285855730676706 -0.194185945575426	0.227657314667951  0.415182881534686	-0.0979689831531430  0.158284035059123	0.720477027184890  0.297390192546950	0.156029792667598 -0.0246655018139075
345.6666667	172.6666667	0.165702368137783 -0.148210441334769	0.215888712500244  0.0886302339342205	0.0541417837232809 -0.191179135004295	0.362948329581132  0.339738474777680	-0.761798863816384 -0.0464998887196518
339.8863636	482.2840909	0.0567774729550300 -0.293933057799038	-0.170874873904114 -0.207568194295884	-0.967518439810672  0.0402433458313943	-0.204345501280705  0.111085078747829	-0.100674204700757  0.758186429945428
354	349.8333333	-0.300675467591927  0.420309195803478	0.161831960375342  0.0870755035840346	0.194289465704745 -0.827047330016199	-0.0370152576950719  0.117782015785832	0.517912156118901  0.456858644983475
367.1428571	237.2857143	0.581646327300016 -0.347588757660764	0.333624577785457 -0.0876802312594413	0.142347029558305 -0.500305890622968	0.0682926196905584 -0.339654161991069	-0.0581852261793705 -0.314500480230350
372.55	34.45	0.120062614842468 -0.0991745545719451	-0.0508421495782268 -0.263422747116102	-0.191181791273887  0.475299182161586	0.224771394544513 -0.496193993207475	-0.589928091813176 -0.0555178843244070
366.2	131.5666667	-0.0229873800263031  0.0474508212776674	-0.0183363953042777 -0.0756053769687298	-0.175330405149511  0.0556298057980223	-0.0349070411253746  0.425982105774482	-0.282256123765240  0.844669843153926
382.8333333	202.1666667	0.610457220461747  0.0346876414667270	-0.182420603912895  0.241168340256358	0.450326933716522 -0.183207710896490	-0.332877703924029  0.0836264215625927	0.430098382819839 -0.0180975291863425
384.25	317.5166667	0.216685356135854  0.460283091875120	-0.161696646982419 -0.247154817626285	0.0319263543355623  0.354199056268834	0.116483319319870 -0.115692925556081	0.0208155970513638 -0.0520534414377897
376.8	273.72	0.0645030071311204 -0.0804325059188119	-0.495619467378410  0.129007208787658	-0.382467285559745  0.616415107113521	0.559079401234513  0.136434810114799	0.359557544349424  0.0459669684287362
389.0833333	84.16666667	0.0362385479688851 -0.137016421780467	0.156226081523408  0.198784007054404	-0.294816206257368 -0.0419668248636328	0.737981590463686  0.0316507184252017	-0.594484030594497 -0.170254193535642
383.5	410.7142857	-0.0918660172945039  0.165773581154955	0.260309583723472 -0.357623792040305	0.218272994232117 -0.257911679563923	-0.144336597885287  0.468827992077811	0.223443178021982  0.0440798660157744
386.6309524	464.3095238	-0.0176054002690709 -0.226962737225805	0.512817847825510  0.263921503686731	-0.657512383399503  0.287295479638527	0.100023389801675 -0.895105715763412	0.551683874523703  0.530579599131199
402	367.4	0.101201310520568 -0.0908946123043319	0.0106389906475745  0.365976051364315	0.148024425102988 -0.369411416903387	0.754458242989132  0.545585554425220	-0.237623222511033 -0.144228673234325
402	164.75	0.386578605967685 -0.155018280457601	0.0733105130809985 -0.207331074622006	0.388961028600380 -0.534131128394337	0.153401076415870 -0.261156073072014	-0.0532386891502592 -0.0774598667079643
415.9	124.3	0.177381183317168  0.143317167798254	0.205337678812401 -0.121398509492986	0.172261582645544 -0.312505236647434	0.645777222949284 -0.648550206382581	0.299530206171926 -0.198933730120796
415	259	0.0566972022777916  0.394033176528844	0.653168777622289  0.355222878731544	-0.448672525694289  0.270507647116776	-0.152577882444095  0.202839396974907	0.0852905266116527  0.340798164736184
428.2371429	428.1114286	0.328855655178911 -0.626943859743522	0.121913263598221 -0.184433233352944	-0.176759606960782 -0.558705633102769	-0.282445915155882  0.112404445579275	-0.493104670586830 -0.375167467430392
426.1833333	295.7166667	0.335804181334705  0.139059996588720	-0.317344343702912 -0.0978269480635109	-0.0867849687253844  0.423757783497921	-0.475064431728083 -0.380127504608865	-0.138682086552786 -0.276213367808031
428.1666667	47.41666667	0.138422837976903  0.0125624118611121	0.192660818656441 -0.217010291140775	-0.184877991869878 -0.0548184179308915	-0.116612813409216  0.343129611176285	0.457582849615974 -0.747373804184868
443	229.4285714	0.434342164007822  0.192310836388332	0.115431195225300 -0.0549632431380483	0.497032454729023  0.439335510705128	0.175205478134718  0.463752603442958	0.276462867648295  0.326085029691829
437.2	189.2	0.413712156046562 -0.0585416616248397	0.190876322381253  0.476485432879221	0.483789174974755 -0.234249399924108	0.0211174033347256 -0.0927980646465927	0.172125730630571 -0.0735189317915733
449.4693878	460.322449	0.383606149979667 -0.475230888424717	0.168598235751216  0.414599499993084	0.0328432751471933 -0.245885267293510	0.707066617846590 -0.229430343804916	-0.356941115319097 -0.0461479784906209
446.5857143	387.9428571	0.191933533154546 -0.407021787523444	-0.284711849188706  0.0894132413600212	-0.440843189748216 -0.304676376429572	-0.0986395449786661  0.0956783508666687	-0.0790399887538259  0.249255393259290
440.9166667	339	0.0886197693337288  0.0124069280029494	-0.190272893987368 -0.225033572697788	-0.224630934895680  0.263494019161174	-0.554928595317795  0.206388813906155	-0.150161510781578 -0.608107382994358
440.8	90.7	0.219862056323182  0.238170527714764	-0.201747099441409  0.129360996956680	0.310376159411785 -0.0447294575527012	0.587452011747754  0.118181538265933	0.392952118342469  0.0850982393790281
463.5833333	155	0.0801189152967831  0.0628613062600715	-0.311950448682819 -0.0346713245885912	-0.140198320357480 -0.388073779872465	-0.800017140140244 -0.0972357957237168	-0.445485855667684  0.200931371755444
462.1	269.6	0.393910813758142 -0.306699283798521	-0.292247925363490 -0.0683464697829856	-0.130722433275707  0.392422047708782	-0.286250457173485  0.764163014959298	0.381793564674550  0.804212658634609
471.625	72.75	0.149670708339372  0.615944479332722	0.369006997430911  0.331767002609569	0.0834947418000662  0.397397214380634	-0.387678448352035  0.719988627302157	-0.282636461610822  0.713443639517496
477.8166667	301.9666667	0.161686315951894 -0.402104934539263	0.169296227941820 -0.158579042181891	-0.374709899505725 -0.0842214373363179	0.257452848015770 -0.499683345612744	-0.228297039461892 -0.326887859880976
484.125	107.875	0.214318022945023 -0.236481763230396	-0.509835759986281  0.0132879004660345	-0.494345139739509 -0.665085058899797	-0.293693681502314  0.341542872509897	-0.328786952179717 -0.0494644687886463
474.0428571	417.2514286	-0.00408159978244261  0.134999726727910	-0.238253965409870 -0.699820134607582	0.124807861025995 -0.888235839796167	0.407386833352317 -0.298652162878572	-0.130321567594754  0.344569948120889

